{
  "focal_len": 1000.0,
  "cx": 256.0,
  "cy": 256.0,
  "frames": [
    {
      "img_id": 0,
      "aud_id": 0,
      "transform_matrix": [
        [
          0.9978647232055664,
          0.028263811022043228,
          0.05888254567980766,
          0.06690137088298798
        ],
        [
          -0.037653848528862,
          0.985569179058075,
          0.16503196954727173,
          0.12278974801301956
        ],
        [
          -0.05336838960647583,
          -0.1668967455625534,
          0.9845289587974548,
          0.775697648525238
        ],
        [
          0.0,
          0.0,
          0.0,
          1.0
        ]
      ]
    },
    {
      "img_id": 1,
      "aud_id": 1,
      "transform_matrix": [
        [
          0.9979541301727295,
          0.02542327344417572,
          0.058660801500082016,
          0.06708415597677231
        ],
        [
          -0.034045424312353134,
          0.9879441261291504,
          0.151020810008049,
          0.11067192256450653
        ],
        [
          -0.05411415174603462,
          -0.1527089774608612,
          0.9867885112762451,
          0.7775523066520691
        ],
        [
          0.0,
          0.0,
          0.0,
          1.0
        ]
      ]
    },
    {
      "img_id": 2,
      "aud_id": 2,
      "transform_matrix": [
        [
          0.9982517957687378,
          0.02084316499531269,
          0.055306702852249146,
          0.0647076964378357
        ],
        [
          -0.02817293256521225,
          0.9904104471206665,
          0.13525287806987762,
          0.09738653153181076
        ],
        [
          -0.05195724219083786,
          -0.13657459616661072,
          0.9892662763595581,
          0.779398500919342
        ],
        [
          0.0,
          0.0,
          0.0,
          1.0
        ]
      ]
    },
    {
      "img_id": 3,
      "aud_id": 3,
      "transform_matrix": [
        [
          0.9986688494682312,
          0.020793071016669273,
          0.047204263508319855,
          0.05809581279754639
        ],
        [
          -0.026589414104819298,
          0.9917128086090088,
          0.1256934106349945,
          0.08848292380571365
        ],
        [
          -0.044199518859386444,
          -0.12678122520446777,
          0.9909455180168152,
          0.78153395652771
        ],
        [
          0.0,
          0.0,
          0.0,
          1.0
        ]
      ]
    },
    {
      "img_id": 4,
      "aud_id": 4,
      "transform_matrix": [
        [
          0.9989417791366577,
          0.023926589637994766,
          0.03927810490131378,
          0.05125606060028076
        ],
        [
          -0.02835591696202755,
          0.9927986264228821,
          0.11639129370450974,
          0.07997913658618927
        ],
        [
          -0.036210399121046066,
          -0.11738189309835434,
          0.9924264550209045,
          0.7836264371871948
        ],
        [
          0.0,
          0.0,
          0.0,
          1.0
        ]
      ]
    },
    {
      "img_id": 5,
      "aud_id": 5,
      "transform_matrix": [
        [
          0.9992080926895142,
          0.0250279251486063,
          0.030932296067476273,
          0.04427286237478256
        ],
        [
          -0.028411399573087692,
          0.9930415153503418,
          0.11428609490394592,
          0.07741986960172653
        ],
        [
          -0.02785671129822731,
          -0.11507441848516464,
          0.9929661750793457,
          0.7851987481117249
        ],
        [
          0.0,
          0.0,
          0.0,
          1.0
        ]
      ]
    },
    {
      "img_id": 6,
      "aud_id": 6,
      "transform_matrix": [
        [
          0.999242901802063,
          0.030420513823628426,
          0.024254605174064636,
          0.03834601119160652
        ],
        [
          -0.03302498906850815,
          0.9927675724029541,
          0.11542078107595444,
          0.07731372117996216
        ],
        [
          -0.02056802436709404,
          -0.1161343976855278,
          0.9930205345153809,
          0.7867296934127808
        ],
        [
          0.0,
          0.0,
          0.0,
          1.0
        ]
      ]
    },
    {
      "img_id": 7,
      "aud_id": 7,
      "transform_matrix": [
        [
          0.9993866086006165,
          0.028727399185299873,
          0.02002743072807789,
          0.03488770127296448
        ],
        [
          -0.030813217163085938,
          0.9931066036224365,
          0.1130923330783844,
          0.07500068843364716
        ],
        [
          -0.016640523448586464,
          -0.11364007741212845,
          0.9933826327323914,
          0.78850919008255
        ],
        [
          0.0,
          0.0,
          0.0,
          1.0
        ]
      ]
    },
    {
      "img_id": 8,
      "aud_id": 8,
      "transform_matrix": [
        [
          0.9994790554046631,
          0.026824623346328735,
          0.017947601154446602,
          0.033212825655937195
        ],
        [
          -0.0286738108843565,
          0.9932642579078674,
          0.11226747930049896,
          0.07429037988185883
        ],
        [
          -0.014815177768468857,
          -0.11272361874580383,
          0.9935159683227539,
          0.7900030016899109
        ],
        [
          0.0,
          0.0,
          0.0,
          1.0
        ]
      ]
    },
    {
      "img_id": 9,
      "aud_id": 9,
      "transform_matrix": [
        [
          0.9995328783988953,
          0.024937603622674942,
          0.01767098903656006,
          0.03300433233380318
        ],
        [
          -0.026797238737344742,
          0.993086576461792,
          0.11428441107273102,
          0.0758141428232193
        ],
        [
          -0.014698842540383339,
          -0.11470454931259155,
          0.993290901184082,
          0.7912110090255737
        ],
        [
          0.0,
          0.0,
          0.0,
          1.0
        ]
      ]
    },
    {
      "img_id": 10,
      "aud_id": 10,
      "transform_matrix": [
        [
          0.999550461769104,
          0.022014830261468887,
          0.02035394497215748,
          0.03525941073894501
        ],
        [
          -0.024210823699831963,
          0.9930901527404785,
          0.11482923477888107,
          0.07624093443155289
        ],
        [
          -0.017685357481241226,
          -0.11527039855718613,
          0.9931766390800476,
          0.791982889175415
        ],
        [
          0.0,
          0.0,
          0.0,
          1.0
        ]
      ]
    },
    {
      "img_id": 11,
      "aud_id": 11,
      "transform_matrix": [
        [
          0.9995280504226685,
          0.01973918080329895,
          0.02353786677122116,
          0.037697210907936096
        ],
        [
          -0.022052932530641556,
          0.994490921497345,
          0.10247692465782166,
          0.06612908840179443
        ],
        [
          -0.02138538286089897,
          -0.10294763743877411,
          0.9944568276405334,
          0.7928012609481812
        ],
        [
          0.0,
          0.0,
          0.0,
          1.0
        ]
      ]
    },
    {
      "img_id": 12,
      "aud_id": 12,
      "transform_matrix": [
        [
          0.9995615482330322,
          0.011626193299889565,
          0.02723250538110733,
          0.040717802941799164
        ],
        [
          -0.01393020711839199,
          0.9961974024772644,
          0.08600442856550217,
          0.052007485181093216
        ],
        [
          -0.026129044592380524,
          -0.08634607493877411,
          0.9959225058555603,
          0.7930040955543518
        ],
        [
          0.0,
          0.0,
          0.0,
          1.0
        ]
      ]
    },
    {
      "img_id": 13,
      "aud_id": 13,
      "transform_matrix": [
        [
          0.9993746876716614,
          -0.00093119777739048,
          0.03534558787941933,
          0.04747716337442398
        ],
        [
          -0.0013227221788838506,
          0.9979687333106995,
          0.063691146671772,
          0.03273758292198181
        ],
        [
          -0.03533310443162918,
          -0.06369807571172714,
          0.9973434805870056,
          0.7915441393852234
        ],
        [
          0.0,
          0.0,
          0.0,
          1.0
        ]
      ]
    },
    {
      "img_id": 14,
      "aud_id": 14,
      "transform_matrix": [
        [
          0.9990974068641663,
          -0.0023687516804784536,
          0.04241234064102173,
          0.05278351902961731
        ],
        [
          -0.0003619182971306145,
          0.9979330897331238,
          0.06426070630550385,
          0.03262018412351608
        ],
        [
          -0.042476896196603775,
          -0.06421805918216705,
          0.9970314502716064,
          0.7895753979682922
        ],
        [
          0.0,
          0.0,
          0.0,
          1.0
        ]
      ]
    },
    {
      "img_id": 15,
      "aud_id": 15,
      "transform_matrix": [
        [
          0.9987135529518127,
          -0.003530445508658886,
          0.05058370530605316,
          0.05924070626497269
        ],
        [
          -0.0003177285543642938,
          0.9971179962158203,
          0.07586613297462463,
          0.042871877551078796
        ],
        [
          -0.050705764442682266,
          -0.0757846087217331,
          0.9958341121673584,
          0.7870275974273682
        ],
        [
          0.0,
          0.0,
          0.0,
          1.0
        ]
      ]
    },
    {
      "img_id": 16,
      "aud_id": 16,
      "transform_matrix": [
        [
          0.9979805946350098,
          -0.015507681295275688,
          0.06159651651978493,
          0.06897483766078949
        ],
        [
          0.00926545076072216,
          0.994907796382904,
          0.1003623753786087,
          0.06490855664014816
        ],
        [
          -0.06283923983573914,
          -0.09958898276090622,
          0.9930423498153687,
          0.7834574580192566
        ],
        [
          0.0,
          0.0,
          0.0,
          1.0
        ]
      ]
    },
    {
      "img_id": 17,
      "aud_id": 17,
      "transform_matrix": [
        [
          0.9972735047340393,
          -0.02042275294661522,
          0.07091158628463745,
          0.0768439769744873
        ],
        [
          0.010244292207062244,
          0.9899513125419617,
          0.14103715121746063,
          0.10042862594127655
        ],
        [
          -0.07307938486337662,
          -0.13992618024349213,
          0.9874614477157593,
          0.7781545519828796
        ],
        [
          0.0,
          0.0,
          0.0,
          1.0
        ]
      ]
    },
    {
      "img_id": 18,
      "aud_id": 18,
      "transform_matrix": [
        [
          0.9966565370559692,
          -0.02620554342865944,
          0.07738891988992691,
          0.08238150179386139
        ],
        [
          0.011891006492078304,
          0.9836072325706482,
          0.179931640625,
          0.1342538297176361
        ],
        [
          -0.0808355063199997,
          -0.17840981483459473,
          0.9806302189826965,
          0.7716792821884155
        ],
        [
          0.0,
          0.0,
          0.0,
          1.0
        ]
      ]
    },
    {
      "img_id": 19,
      "aud_id": 19,
      "transform_matrix": [
        [
          0.9964985847473145,
          -0.02264617569744587,
          0.08048377186059952,
          0.08439115434885025
        ],
        [
          0.006228733342140913,
          0.9800522327423096,
          0.19864264130592346,
          0.15093278884887695
        ],
        [
          -0.08337679505348206,
          -0.197445809841156,
          0.9767616987228394,
          0.7670089602470398
        ],
        [
          0.0,
          0.0,
          0.0,
          1.0
        ]
      ]
    },
    {
      "img_id": 20,
      "aud_id": 20,
      "transform_matrix": [
        [
          0.9967944025993347,
          -0.01850747875869274,
          0.07783562690019608,
          0.08170133829116821
        ],
        [
          0.0020904436241835356,
          0.9785687923431396,
          0.20590952038764954,
          0.15699291229248047
        ],
        [
          -0.07997839152812958,
          -0.20508675277233124,
          0.9754706025123596,
          0.7653318643569946
        ],
        [
          0.0,
          0.0,
          0.0,
          1.0
        ]
      ]
    },
    {
      "img_id": 21,
      "aud_id": 21,
      "transform_matrix": [
        [
          0.9973841309547424,
          -0.010324922390282154,
          0.07154277712106705,
          0.07575613260269165
        ],
        [
          -0.004845603369176388,
          0.9779694676399231,
          0.20869174599647522,
          0.15831221640110016
        ],
        [
          -0.07212137430906296,
          -0.20849250257015228,
          0.975361168384552,
          0.7655013799667358
        ],
        [
          0.0,
          0.0,
          0.0,
          1.0
        ]
      ]
    },
    {
      "img_id": 22,
      "aud_id": 22,
      "transform_matrix": [
        [
          0.9979010820388794,
          -0.007077732589095831,
          0.06436926126480103,
          0.06947143375873566
        ],
        [
          -0.005591781809926033,
          0.9808785319328308,
          0.19454070925712585,
          0.14655253291130066
        ],
        [
          -0.06451532989740372,
          -0.19449231028556824,
          0.9787800908088684,
          0.7676369547843933
        ],
        [
          0.0,
          0.0,
          0.0,
          1.0
        ]
      ]
    },
    {
      "img_id": 23,
      "aud_id": 23,
      "transform_matrix": [
        [
          0.99836665391922,
          -0.008728922344744205,
          0.05646133795380592,
          0.06299828737974167
        ],
        [
          -0.0015070255612954497,
          0.983892023563385,
          0.17875736951828003,
          0.1340746283531189
        ],
        [
          -0.05711222067475319,
          -0.17855048179626465,
          0.9822717905044556,
          0.770301103591919
        ],
        [
          0.0,
          0.0,
          0.0,
          1.0
        ]
      ]
    },
    {
      "img_id": 24,
      "aud_id": 24,
      "transform_matrix": [
        [
          0.9986388683319092,
          -0.008214373141527176,
          0.051506318151950836,
          0.05862973630428314
        ],
        [
          -0.0011017471551895142,
          0.9839775562286377,
          0.17828892171382904,
          0.133662149310112
        ],
        [
          -0.052145592868328094,
          -0.1781029850244522,
          0.9826291799545288,
          0.7717464566230774
        ],
        [
          0.0,
          0.0,
          0.0,
          1.0
        ]
      ]
    },
    {
      "img_id": 25,
      "aud_id": 25,
      "transform_matrix": [
        [
          0.998885452747345,
          -0.009509601630270481,
          0.04623190313577652,
          0.05414123833179474
        ],
        [
          0.0012273896718397737,
          0.9843956828117371,
          0.1759648323059082,
          0.13204267621040344
        ],
        [
          -0.047183841466903687,
          -0.1757119745016098,
          0.9833102226257324,
          0.773061990737915
        ],
        [
          0.0,
          0.0,
          0.0,
          1.0
        ]
      ]
    },
    {
      "img_id": 26,
      "aud_id": 26,
      "transform_matrix": [
        [
          0.9991534352302551,
          -0.00573484692722559,
          0.040737226605415344,
          0.04882603511214256
        ],
        [
          -0.0015965686179697514,
          0.9840843677520752,
          0.17769472301006317,
          0.13310213387012482
        ],
        [
          -0.041107919067144394,
          -0.17760932445526123,
          0.9832420945167542,
          0.7740864157676697
        ],
        [
          0.0,
          0.0,
          0.0,
          1.0
        ]
      ]
    },
    {
      "img_id": 27,
      "aud_id": 27,
      "transform_matrix": [
        [
          0.9991976618766785,
          -0.004938771016895771,
          0.03974585235118866,
          0.047308214008808136
        ],
        [
          -0.001872282475233078,
          0.9855234622955322,
          0.16952849924564362,
          0.12691357731819153
        ],
        [
          -0.040007736533880234,
          -0.16946689784526825,
          0.9847235083580017,
          0.7754496932029724
        ],
        [
          0.0,
          0.0,
          0.0,
          1.0
        ]
      ]
    },
    {
      "img_id": 28,
      "aud_id": 28,
      "transform_matrix": [
        [
          0.9992029666900635,
          -0.008335530757904053,
          0.0390375554561615,
          0.04635174944996834
        ],
        [
          0.0016900852788239717,
          0.9859116673469543,
          0.1672583818435669,
          0.12552183866500854
        ],
        [
          -0.039881765842437744,
          -0.16705909371376038,
          0.9851399660110474,
          0.7759048342704773
        ],
        [
          0.0,
          0.0,
          0.0,
          1.0
        ]
      ]
    },
    {
      "img_id": 29,
      "aud_id": 29,
      "transform_matrix": [
        [
          0.9993699193000793,
          -0.007116829510778189,
          0.03477207198739052,
          0.04222261533141136
        ],
        [
          0.0009766127914190292,
          0.9848336577415466,
          0.17349828779697418,
          0.13034303486347198
        ],
        [
          -0.03547947108745575,
          -0.17335502803325653,
          0.9842200875282288,
          0.7757006883621216
        ],
        [
          0.0,
          0.0,
          0.0,
          1.0
        ]
      ]
    },
    {
      "img_id": 30,
      "aud_id": 30,
      "transform_matrix": [
        [
          0.9995404481887817,
          -0.007547279819846153,
          0.029359176754951477,
          0.037673112004995346
        ],
        [
          0.002271306002512574,
          0.9844343066215515,
          0.17573854327201843,
          0.13199129700660706
        ],
        [
          -0.030228527262806892,
          -0.1755910962820053,
          0.9839989542961121,
          0.7758869528770447
        ],
        [
          0.0,
          0.0,
          0.0,
          1.0
        ]
      ]
    },
    {
      "img_id": 31,
      "aud_id": 31,
      "transform_matrix": [
        [
          0.9996755719184875,
          -0.0027211406268179417,
          0.02532711811363697,
          0.03351225331425667
        ],
        [
          -0.0015646286774426699,
          0.9858410358428955,
          0.16767534613609314,
          0.1255136877298355
        ],
        [
          -0.0254247784614563,
          -0.16766056418418884,
          0.9855169057846069,
          0.7765635848045349
        ],
        [
          0.0,
          0.0,
          0.0,
          1.0
        ]
      ]
    },
    {
      "img_id": 32,
      "aud_id": 32,
      "transform_matrix": [
        [
          0.9997097849845886,
          -0.007361962925642729,
          0.022937946021556854,
          0.031539186835289
        ],
        [
          0.0034675667993724346,
          0.9862203001976013,
          0.165400892496109,
          0.12370209395885468
        ],
        [
          -0.023839544504880905,
          -0.16527335345745087,
          0.9859596490859985,
          0.7756147384643555
        ],
        [
          0.0,
          0.0,
          0.0,
          1.0
        ]
      ]
    },
    {
      "img_id": 33,
      "aud_id": 33,
      "transform_matrix": [
        [
          0.9997377395629883,
          -0.008315150626003742,
          0.021337861195206642,
          0.029904287308454514
        ],
        [
          0.004629895556718111,
          0.9858999848365784,
          0.1672719120979309,
          0.12480523437261581
        ],
        [
          -0.022427886724472046,
          -0.167129248380661,
          0.9856798648834229,
          0.7742509245872498
        ],
        [
          0.0,
          0.0,
          0.0,
          1.0
        ]
      ]
    },
    {
      "img_id": 34,
      "aud_id": 34,
      "transform_matrix": [
        [
          0.99974524974823,
          -0.009943215176463127,
          0.02026110701262951,
          0.02867615595459938
        ],
        [
          0.00645379489287734,
          0.9861846566200256,
          0.16552381217479706,
          0.12333710491657257
        ],
        [
          -0.02162703312933445,
          -0.16535089910030365,
          0.9859976172447205,
          0.7733526229858398
        ],
        [
          0.0,
          0.0,
          0.0,
          1.0
        ]
      ]
    },
    {
      "img_id": 35,
      "aud_id": 35,
      "transform_matrix": [
        [
          0.9997919201850891,
          -0.011154938489198685,
          0.017080331221222878,
          0.026023872196674347
        ],
        [
          0.008236930705606937,
          0.9867132306098938,
          0.16226309537887573,
          0.1205863207578659
        ],
        [
          -0.018663421273231506,
          -0.16208863258361816,
          0.9865997433662415,
          0.7733060121536255
        ],
        [
          0.0,
          0.0,
          0.0,
          1.0
        ]
      ]
    },
    {
      "img_id": 36,
      "aud_id": 36,
      "transform_matrix": [
        [
          0.9998100399971008,
          -0.008500827476382256,
          0.017536019906401634,
          0.026489194482564926
        ],
        [
          0.005442982539534569,
          0.9858447909355164,
          0.16757212579250336,
          0.12414480000734329
        ],
        [
          -0.018712295219302177,
          -0.1674448549747467,
          0.9857037663459778,
          0.7731373906135559
        ],
        [
          0.0,
          0.0,
          0.0,
          1.0
        ]
      ]
    },
    {
      "img_id": 37,
      "aud_id": 37,
      "transform_matrix": [
        [
          0.9997090697288513,
          -0.01085718348622322,
          0.02153845503926277,
          0.03071322850883007
        ],
        [
          0.0073729027062654495,
          0.9877756834030151,
          0.1557077318429947,
          0.11475113034248352
        ],
        [
          -0.02296570874750614,
          -0.15550363063812256,
          0.9875683188438416,
          0.7743385434150696
        ],
        [
          0.0,
          0.0,
          0.0,
          1.0
        ]
      ]
    },
    {
      "img_id": 38,
      "aud_id": 38,
      "transform_matrix": [
        [
          0.9996323585510254,
          -0.005705872550606728,
          0.026507345959544182,
          0.03511473536491394
        ],
        [
          0.0017373468726873398,
          0.9890773892402649,
          0.14738711714744568,
          0.10834828019142151
        ],
        [
          -0.027058787643909454,
          -0.14728687703609467,
          0.988723635673523,
          0.775532066822052
        ],
        [
          0.0,
          0.0,
          0.0,
          1.0
        ]
      ]
    },
    {
      "img_id": 39,
      "aud_id": 39,
      "transform_matrix": [
        [
          0.9994384050369263,
          -0.00040891626849770546,
          0.03350725397467613,
          0.04155457392334938
        ],
        [
          -0.004197734873741865,
          0.9905211329460144,
          0.1372961699962616,
          0.10098369419574738
        ],
        [
          -0.033245787024497986,
          -0.13735972344875336,
          0.989963173866272,
          0.7768052816390991
        ],
        [
          0.0,
          0.0,
          0.0,
          1.0
        ]
      ]
    },
    {
      "img_id": 40,
      "aud_id": 40,
      "transform_matrix": [
        [
          0.9989868402481079,
          0.008055014535784721,
          0.04427622631192207,
          0.05080500245094299
        ],
        [
          -0.013949116691946983,
          0.9908192157745361,
          0.13447222113609314,
          0.09912735968828201
        ],
        [
          -0.04278655722737312,
          -0.1349535882472992,
          0.9899277091026306,
          0.7770164608955383
        ],
        [
          0.0,
          0.0,
          0.0,
          1.0
        ]
      ]
    },
    {
      "img_id": 41,
      "aud_id": 41,
      "transform_matrix": [
        [
          0.9982525110244751,
          0.014775403775274754,
          0.05721483752131462,
          0.06247564032673836
        ],
        [
          -0.022717228159308434,
          0.989784300327301,
          0.14075139164924622,
          0.1043059229850769
        ],
        [
          -0.054550688713788986,
          -0.14180520176887512,
          0.9883903861045837,
          0.7757487297058105
        ],
        [
          0.0,
          0.0,
          0.0,
          1.0
        ]
      ]
    },
    {
      "img_id": 42,
      "aud_id": 42,
      "transform_matrix": [
        [
          0.9976470470428467,
          0.018188316375017166,
          0.06610219925642014,
          0.07072120159864426
        ],
        [
          -0.027763502672314644,
          0.9887526035308838,
          0.1469607800245285,
          0.10934054106473923
        ],
        [
          -0.06268575042486191,
          -0.14845021069049835,
          0.9869310855865479,
          0.7740970849990845
        ],
        [
          0.0,
          0.0,
          0.0,
          1.0
        ]
      ]
    },
    {
      "img_id": 43,
      "aud_id": 43,
      "transform_matrix": [
        [
          0.9974511861801147,
          0.01938425377011299,
          0.06866970658302307,
          0.07338216155767441
        ],
        [
          -0.029571721330285072,
          0.9881522059440613,
          0.1506013721227646,
          0.11213025450706482
        ],
        [
          -0.06493683159351349,
          -0.15224818885326385,
          0.9862067699432373,
          0.7727909088134766
        ],
        [
          0.0,
          0.0,
          0.0,
          1.0
        ]
      ]
    },
    {
      "img_id": 44,
      "aud_id": 44,
      "transform_matrix": [
        [
          0.9974597692489624,
          0.021701430901885033,
          0.06784487515687943,
          0.07274380326271057
        ],
        [
          -0.031966131180524826,
          0.9875403642654419,
          0.15408523380756378,
          0.11458329111337662
        ],
        [
          -0.06365568190813065,
          -0.15586255490779877,
          0.9857255220413208,
          0.7716382145881653
        ],
        [
          0.0,
          0.0,
          0.0,
          1.0
        ]
      ]
    },
    {
      "img_id": 45,
      "aud_id": 45,
      "transform_matrix": [
        [
          0.9975157976150513,
          0.024505402892827988,
          0.06604314595460892,
          0.07127153873443604
        ],
        [
          -0.034318018704652786,
          0.9878137707710266,
          0.1518096923828125,
          0.11264947801828384
        ],
        [
          -0.06151817366480827,
          -0.15369904041290283,
          0.9862008094787598,
          0.7711201906204224
        ],
        [
          0.0,
          0.0,
          0.0,
          1.0
        ]
      ]
    },
    {
      "img_id": 46,
      "aud_id": 46,
      "transform_matrix": [
        [
          0.9977504014968872,
          0.021850084885954857,
          0.0633772686123848,
          0.06946384906768799
        ],
        [
          -0.03092302940785885,
          0.9888134002685547,
          0.14591677486896515,
          0.10804091393947601
        ],
        [
          -0.059480004012584686,
          -0.1475483477115631,
          0.9872646927833557,
          0.7705318331718445
        ],
        [
          0.0,
          0.0,
          0.0,
          1.0
        ]
      ]
    },
    {
      "img_id": 47,
      "aud_id": 47,
      "transform_matrix": [
        [
          0.9980136156082153,
          0.02005622908473015,
          0.059721071273088455,
          0.06674325466156006
        ],
        [
          -0.02837328426539898,
          0.9894808530807495,
          0.14185389876365662,
          0.10498832166194916
        ],
        [
          -0.05624780431389809,
          -0.14326660335063934,
          0.9880844354629517,
          0.7701818943023682
        ],
        [
          0.0,
          0.0,
          0.0,
          1.0
        ]
      ]
    },
    {
      "img_id": 48,
      "aud_id": 48,
      "transform_matrix": [
        [
          0.998204231262207,
          0.020716916769742966,
          0.05620554834604263,
          0.06397707760334015
        ],
        [
          -0.02874850668013096,
          0.9888539910316467,
          0.14608657360076904,
          0.10820627957582474
        ],
        [
          -0.05255261808633804,
          -0.14744006097316742,
          0.987673819065094,
          0.7698073983192444
        ],
        [
          0.0,
          0.0,
          0.0,
          1.0
        ]
      ]
    },
    {
      "img_id": 49,
      "aud_id": 49,
      "transform_matrix": [
        [
          0.9981403946876526,
          0.02670413628220558,
          0.05479733645915985,
          0.06264540553092957
        ],
        [
          -0.034818604588508606,
          0.9876232743263245,
          0.1529313325881958,
          0.11319687217473984
        ],
        [
          -0.05003521963953972,
          -0.15455490350723267,
          0.9867163896560669,
          0.7696393132209778
        ],
        [
          0.0,
          0.0,
          0.0,
          1.0
        ]
      ]
    },
    {
      "img_id": 50,
      "aud_id": 50,
      "transform_matrix": [
        [
          0.9981247782707214,
          0.028302378952503204,
          0.05427640303969383,
          0.06242717057466507
        ],
        [
          -0.036533474922180176,
          0.9868865013122559,
          0.1572273224592209,
          0.11636447161436081
        ],
        [
          -0.049114737659692764,
          -0.15891538560390472,
          0.9860697984695435,
          0.7703720927238464
        ],
        [
          0.0,
          0.0,
          0.0,
          1.0
        ]
      ]
    },
    {
      "img_id": 51,
      "aud_id": 51,
      "transform_matrix": [
        [
          0.9980982542037964,
          0.029610525816679,
          0.054065003991127014,
          0.06240823119878769
        ],
        [
          -0.03816826269030571,
          0.9855815172195435,
          0.16484029591083527,
          0.1215844675898552
        ],
        [
          -0.04840445891022682,
          -0.1665903776884079,
          0.9848373532295227,
          0.7717084884643555
        ],
        [
          0.0,
          0.0,
          0.0,
          1.0
        ]
      ]
    },
    {
      "img_id": 52,
      "aud_id": 52,
      "transform_matrix": [
        [
          0.9981951713562012,
          0.02843950316309929,
          0.05289251729846001,
          0.06194164976477623
        ],
        [
          -0.03651267662644386,
          0.9866752624511719,
          0.1585521399974823,
          0.11580813676118851
        ],
        [
          -0.047678593546152115,
          -0.16019722819328308,
          0.9859328866004944,
          0.7740269303321838
        ],
        [
          0.0,
          0.0,
          0.0,
          1.0
        ]
      ]
    },
    {
      "img_id": 53,
      "aud_id": 53,
      "transform_matrix": [
        [
          0.9983290433883667,
          0.023560037836432457,
          0.05276479199528694,
          0.062312573194503784
        ],
        [
          -0.031074130907654762,
          0.9887290000915527,
          0.14645586907863617,
          0.10572297126054764
        ],
        [
          -0.04871957376599312,
          -0.14785075187683105,
          0.9878089427947998,
          0.7768021821975708
        ],
        [
          0.0,
          0.0,
          0.0,
          1.0
        ]
      ]
    },
    {
      "img_id": 54,
      "aud_id": 54,
      "transform_matrix": [
        [
          0.9984775185585022,
          0.023350778967142105,
          0.049973148852586746,
          0.05993140488862991
        ],
        [
          -0.029828989878296852,
          0.990654706954956,
          0.13309180736541748,
          0.09437592327594757
        ],
        [
          -0.0463983379304409,
          -0.13437983393669128,
          0.9898430109024048,
          0.7797440886497498
        ],
        [
          0.0,
          0.0,
          0.0,
          1.0
        ]
      ]
    },
    {
      "img_id": 55,
      "aud_id": 55,
      "transform_matrix": [
        [
          0.9987906813621521,
          0.021980956196784973,
          0.04397648572921753,
          0.05487210303544998
        ],
        [
          -0.027079511433839798,
          0.9925338625907898,
          0.11892543733119965,
          0.0823553055524826
        ],
        [
          -0.04103405401110649,
          -0.11997248232364655,
          0.9919288158416748,
          0.7824072241783142
        ],
        [
          0.0,
          0.0,
          0.0,
          1.0
        ]
      ]
    },
    {
      "img_id": 56,
      "aud_id": 56,
      "transform_matrix": [
        [
          0.9992229342460632,
          0.020045559853315353,
          0.033937230706214905,
          0.046418190002441406
        ],
        [
          -0.02363223396241665,
          0.9937807321548462,
          0.10881789028644562,
          0.07314807176589966
        ],
        [
          -0.031544849276542664,
          -0.1095353439450264,
          0.993482232093811,
          0.7846869230270386
        ],
        [
          0.0,
          0.0,
          0.0,
          1.0
        ]
      ]
    },
    {
      "img_id": 57,
      "aud_id": 57,
      "transform_matrix": [
        [
          0.999494731426239,
          0.022096209228038788,
          0.022849269211292267,
          0.03698829934000969
        ],
        [
          -0.024292927235364914,
          0.994608461856842,
          0.10081615298986435,
          0.06597108393907547
        ],
        [
          -0.020498421043157578,
          -0.1013202890753746,
          0.9946426749229431,
          0.7863802313804626
        ],
        [
          0.0,
          0.0,
          0.0,
          1.0
        ]
      ]
    },
    {
      "img_id": 58,
      "aud_id": 58,
      "transform_matrix": [
        [
          0.9996604919433594,
          0.02052384614944458,
          0.016053058207035065,
          0.031692396849393845
        ],
        [
          -0.022086376324295998,
          0.9943181276321411,
          0.10413239151239395,
          0.06791138648986816
        ],
        [
          -0.013824650086462498,
          -0.10445158183574677,
          0.9944338798522949,
          0.7874680757522583
        ],
        [
          0.0,
          0.0,
          0.0,
          1.0
        ]
      ]
    },
    {
      "img_id": 59,
      "aud_id": 59,
      "transform_matrix": [
        [
          0.9996908903121948,
          0.021176761016249657,
          0.013024654239416122,
          0.029404163360595703
        ],
        [
          -0.022385604679584503,
          0.9946339726448059,
          0.10100534558296204,
          0.06518096476793289
        ],
        [
          -0.010815799236297607,
          -0.10126569122076035,
          0.9948006272315979,
          0.7883687019348145
        ],
        [
          0.0,
          0.0,
          0.0,
          1.0
        ]
      ]
    },
    {
      "img_id": 60,
      "aud_id": 60,
      "transform_matrix": [
        [
          0.99971604347229,
          0.02114337496459484,
          0.010993650183081627,
          0.0278770849108696
        ],
        [
          -0.022152705118060112,
          0.9945704340934753,
          0.10168037563562393,
          0.06571462005376816
        ],
        [
          -0.008784093894064426,
          -0.1018950417637825,
          0.9947563409805298,
          0.7888942956924438
        ],
        [
          0.0,
          0.0,
          0.0,
          1.0
        ]
      ]
    },
    {
      "img_id": 61,
      "aud_id": 61,
      "transform_matrix": [
        [
          0.9996597766876221,
          0.022899216040968895,
          0.012487531639635563,
          0.028769366443157196
        ],
        [
          -0.02408493310213089,
          0.9941847920417786,
          0.10495970398187637,
          0.06811895966529846
        ],
        [
          -0.010011418722569942,
          -0.10522475093603134,
          0.9943980574607849,
          0.789162278175354
        ],
        [
          0.0,
          0.0,
          0.0,
          1.0
        ]
      ]
    },
    {
      "img_id": 62,
      "aud_id": 62,
      "transform_matrix": [
        [
          0.999683141708374,
          0.018803510814905167,
          0.016734035685658455,
          0.0324624702334404
        ],
        [
          -0.020446574315428734,
          0.9943517446517944,
          0.10414637625217438,
          0.0678836926817894
        ],
        [
          -0.014681201428174973,
          -0.10445553064346313,
          0.9944211840629578,
          0.7891207337379456
        ],
        [
          0.0,
          0.0,
          0.0,
          1.0
        ]
      ]
    },
    {
      "img_id": 63,
      "aud_id": 63,
      "transform_matrix": [
        [
          0.99957275390625,
          0.019004415720701218,
          0.02220664545893669,
          0.036632634699344635
        ],
        [
          -0.021443061530590057,
          0.9930980205535889,
          0.1153101921081543,
          0.07706563174724579
        ],
        [
          -0.019861973822116852,
          -0.11573710292577744,
          0.9930812120437622,
          0.7892470955848694
        ],
        [
          0.0,
          0.0,
          0.0,
          1.0
        ]
      ]
    },
    {
      "img_id": 64,
      "aud_id": 64,
      "transform_matrix": [
        [
          0.9993196129798889,
          0.009423105046153069,
          0.03565870225429535,
          0.04787388816475868
        ],
        [
          -0.013476922176778316,
          0.9932497143745422,
          0.11521047353744507,
          0.07808788120746613
        ],
        [
          -0.03433235362172127,
          -0.11561264097690582,
          0.9927008152008057,
          0.7881534099578857
        ],
        [
          0.0,
          0.0,
          0.0,
          1.0
        ]
      ]
    },
    {
      "img_id": 65,
      "aud_id": 65,
      "transform_matrix": [
        [
          0.9986051321029663,
          0.0018248059786856174,
          0.05276836082339287,
          0.0615503191947937
        ],
        [
          -0.008352339267730713,
          0.992278516292572,
          0.12374787777662277,
          0.08608350902795792
        ],
        [
          -0.05213509872555733,
          -0.12401600927114487,
          0.9909096956253052,
          0.7861351370811462
        ],
        [
          0.0,
          0.0,
          0.0,
          1.0
        ]
      ]
    },
    {
      "img_id": 66,
      "aud_id": 66,
      "transform_matrix": [
        [
          0.9978635907173157,
          -0.017319131642580032,
          0.06299388408660889,
          0.07032434642314911
        ],
        [
          0.008416151627898216,
          0.9902650117874146,
          0.13893984258174896,
