{
  "focal_len": 1100.0,
  "cx": 256.0,
  "cy": 256.0,
  "frames": [
    {
      "img_id": 0,
      "aud_id": 0,
      "transform_matrix": [
        [
          0.998607873916626,
          0.015875084325671196,
          0.05030171945691109,
          0.05675788223743439
        ],
        [
          -0.021999768912792206,
          0.9920821785926819,
          0.1236489862203598,
          0.05842515081167221
        ],
        [
          -0.04794049635529518,
          -0.12458347529172897,
          0.9910503029823303,
          0.8306538462638855
        ],
        [
          0.0,
          0.0,
          0.0,
          1.0
        ]
      ]
    },
    {
      "img_id": 1,
      "aud_id": 1,
      "transform_matrix": [
        [
          0.9985489845275879,
          0.009923345409333706,
          0.052929483354091644,
          0.05968238413333893
        ],
        [
          -0.015899937599897385,
          0.9933855533599854,
          0.11372032016515732,
          0.0503012053668499
        ],
        [
          -0.05145089700818062,
          -0.11439687758684158,
          0.9921018481254578,
          0.8309516906738281
        ],
        [
          0.0,
          0.0,
          0.0,
          1.0
        ]
      ]
    },
    {
      "img_id": 2,
      "aud_id": 2,
      "transform_matrix": [
        [
          0.9984170198440552,
          0.009205502457916737,
          0.055485986173152924,
          0.06184018775820732
        ],
        [
          -0.015694836154580116,
          0.9929274916648865,
          0.11768007278442383,
          0.053568508476018906
        ],
        [
          -0.054010260850191116,
          -0.11836463958024979,
          0.9915002584457397,
          0.831607460975647
        ],
        [
          0.0,
          0.0,
          0.0,
          1.0
        ]
      ]
    },
    {
      "img_id": 3,
      "aud_id": 3,
      "transform_matrix": [
        [
          0.9983059167861938,
          0.010686634108424187,
          0.05719396099448204,
          0.06310146301984787
        ],
        [
          -0.017541738227009773,
          0.9925299882888794,
          0.1207333505153656,
          0.05609260872006416
        ],
        [
          -0.05547648295760155,
          -0.12153209000825882,
          0.9910359978675842,
          0.8322804570198059
        ],
        [
          0.0,
          0.0,
          0.0,
          1.0
        ]
      ]
    },
    {
      "img_id": 4,
      "aud_id": 4,
      "transform_matrix": [
        [
          0.9982215762138367,
          0.007164955139160156,
          0.05918031930923462,
          0.06521574407815933
        ],
        [
          -0.013995529152452946,
          0.9931709170341492,
          0.11582592874765396,
          0.0520193949341774
        ],
        [
          -0.057946283370256424,
          -0.11644820123910904,
          0.9915049076080322,
          0.8331051468849182
        ],
        [
          0.0,
          0.0,
          0.0,
          1.0
        ]
      ]
    },
    {
      "img_id": 5,
      "aud_id": 5,
      "transform_matrix": [
        [
          0.9980482459068298,
          0.0009146281518042088,
          0.06244109198451042,
          0.0686706006526947
        ],
        [
          -0.00840920303016901,
          0.9927540421485901,
          0.11986961960792542,
          0.05522335320711136
        ],
        [
          -0.061879005283117294,
          -0.12016073614358902,
          0.9908241033554077,
          0.8333860635757446
        ],
        [
          0.0,
          0.0,
          0.0,
          1.0
        ]
      ]
    },
    {
      "img_id": 6,
      "aud_id": 6,
      "transform_matrix": [
        [
          0.9980409145355225,
          0.0008720336481928825,
          0.0625583678483963,
          0.06878310441970825
        ],
        [
          -0.008603065274655819,
          0.9923174381256104,
          0.12341878563165665,
          0.05785166472196579
        ],
        [
          -0.06197012960910797,
          -0.12371519207954407,
          0.9903808832168579,
          0.8335824608802795
        ],
        [
          0.0,
          0.0,
          0.0,
          1.0
        ]
      ]
    },
    {
      "img_id": 7,
      "aud_id": 7,
      "transform_matrix": [
        [
          0.9980754852294922,
          0.0036284932866692543,
          0.06190512701869011,
          0.06783689558506012
        ],
        [
          -0.010889491997659206,
          0.9930294752120972,
          0.11736240237951279,
          0.05265185236930847
        ],
        [
          -0.061047762632369995,
          -0.11781064420938492,
          0.9911578297615051,
          0.8335556983947754
        ],
        [
          0.0,
          0.0,
          0.0,
          1.0
        ]
      ]
    },
    {
      "img_id": 8,
      "aud_id": 8,
      "transform_matrix": [
        [
          0.9980785846710205,
          0.005128608085215092,
          0.06174755468964577,
          0.06760688126087189
        ],
        [
          -0.01229698583483696,
          0.9931405186653137,
          0.11627878993749619,
          0.051786281168460846
        ],
        [
          -0.06072764843702316,
          -0.11681468039751053,
          0.991295337677002,
          0.8332139849662781
        ],
        [
          0.0,
          0.0,
          0.0,
          1.0
        ]
      ]
    },
    {
      "img_id": 9,
      "aud_id": 9,
      "transform_matrix": [
        [
          0.9981544613838196,
          0.0028854412958025932,
          0.060657817870378494,
          0.06689487397670746
        ],
        [
          -0.009976360015571117,
          0.9930905699729919,
          0.11692545562982559,
          0.052543606609106064
        ],
        [
          -0.05990132689476013,
          -0.11731480807065964,
          0.99128657579422,
          0.8318554162979126
        ],
        [
          0.0,
          0.0,
          0.0,
          1.0
        ]
      ]
    },
    {
      "img_id": 10,
      "aud_id": 10,
      "transform_matrix": [
        [
          0.9981227517127991,
          -0.001201842911541462,
          0.06123346835374832,
          0.06794635951519012
        ],
        [
          -0.006571773439645767,
          0.9919332265853882,
          0.12659063935279846,
          0.06056268513202667
        ],
        [
          -0.060891661792993546,
          -0.12675541639328003,
          0.9900632500648499,
          0.8301210999488831
        ],
        [
          0.0,
          0.0,
          0.0,
          1.0
        ]
      ]
    },
    {
      "img_id": 11,
      "aud_id": 11,
      "transform_matrix": [
        [
          0.9980223774909973,
          -0.0005498342216014862,
          0.06285744905471802,
          0.06899584084749222
        ],
        [
          -0.007406054995954037,
          0.9919686317443848,
          0.12626707553863525,
          0.060206200927495956
        ],
        [
          -0.062422048300504684,
          -0.12648288905620575,
          0.9900028109550476,
          0.8282743096351624
        ],
        [
          0.0,
          0.0,
          0.0,
          1.0
        ]
      ]
    },
    {
      "img_id": 12,
      "aud_id": 12,
      "transform_matrix": [
        [
          0.997991681098938,
          -0.0054454864002764225,
          0.06311042606830597,
          0.06952206790447235
        ],
        [
          -0.0026939348317682743,
          0.9917481541633606,
          0.128173366189003,
          0.0618935227394104
        ],
        [
          -0.06328760832548141,
          -0.12808597087860107,
          0.9897416830062866,
          0.8264498710632324
        ],
        [
          0.0,
          0.0,
          0.0,
          1.0
        ]
      ]
    },
    {
      "img_id": 13,
      "aud_id": 13,
      "transform_matrix": [
        [
          0.9980548024177551,
          -0.008928969502449036,
          0.06169958785176277,
          0.06864814460277557
        ],
        [
          0.0005955854430794716,
          0.9910106658935547,
          0.13378170132637024,
          0.06659361720085144
        ],
        [
          -0.062339480966329575,
          -0.13348473608493805,
          0.989088237285614,
          0.8250248432159424
        ],
        [
          0.0,
          0.0,
          0.0,
          1.0
        ]
      ]
    },
    {
      "img_id": 14,
      "aud_id": 14,
      "transform_matrix": [
        [
          0.9983038306236267,
          -0.007658843416720629,
          0.05771297961473465,
          0.06495495140552521
        ],
        [
          -0.0005908894236199558,
          0.9899252653121948,
          0.14158980548381805,
          0.07293649017810822
        ],
        [
          -0.058215949684381485,
          -0.14138375222682953,
          0.9882416725158691,
          0.8242506980895996
        ],
        [
          0.0,
          0.0,
          0.0,
          1.0
        ]
      ]
    },
    {
      "img_id": 15,
      "aud_id": 15,
      "transform_matrix": [
        [
          0.9983582496643066,
          -0.007950233295559883,
          0.05672384425997734,
          0.06421887874603271
        ],
        [
          1.4529391592077445e-05,
          0.9903555512428284,
          0.138549342751503,
          0.07028329372406006
        ],
        [
          -0.05727827176451683,
          -0.13832105696201324,
          0.9887297749519348,
          0.8239335417747498
        ],
        [
          0.0,
          0.0,
          0.0,
          1.0
        ]
      ]
    },
    {
      "img_id": 16,
      "aud_id": 16,
      "transform_matrix": [
        [
          0.998378336429596,
          -0.006717151962220669,
          0.056529026478528976,
          0.06387731432914734
        ],
        [
          -0.0016128385905176401,
          0.989277720451355,
          0.14603738486766815,
          0.0762292742729187
        ],
        [
          -0.056903865188360214,
          -0.14589174091815948,
          0.987662672996521,
          0.8235649466514587
        ],
        [
          0.0,
          0.0,
          0.0,
          1.0
        ]
      ]
    },
    {
      "img_id": 17,
      "aud_id": 17,
      "transform_matrix": [
        [
          0.9983611106872559,
          -0.011266221292316914,
          0.056108005344867706,
          0.06399429589509964
        ],
        [
          0.003414047183468938,
          0.9904094338417053,
          0.13812145590782166,
          0.06961722671985626
        ],
        [
          -0.0571260042488575,
          -0.137703537940979,
          0.988824725151062,
          0.8236063718795776
        ],
        [
          0.0,
          0.0,
          0.0,
          1.0
        ]
      ]
    },
    {
      "img_id": 18,
      "aud_id": 18,
      "transform_matrix": [
        [
          0.9982084631919861,
          -0.013311260379850864,
          0.0583321675658226,
          0.06601125746965408
        ],
        [
          0.004951500333845615,
          0.9899720549583435,
          0.1411767601966858,
          0.07226096093654633
        ],
        [
          -0.05962645262479782,
          -0.14063499867916107,
          0.9882643818855286,
          0.8232563734054565
        ],
        [
          0.0,
          0.0,
          0.0,
          1.0
        ]
      ]
    },
    {
      "img_id": 19,
      "aud_id": 19,
      "transform_matrix": [
        [
          0.9980798363685608,
          -0.010945606976747513,
          0.06096601486206055,
          0.06793799251317978
        ],
        [
          0.0024971242528408766,
          0.9905730485916138,
          0.1369630992412567,
          0.06900884211063385
        ],
        [
          -0.06189042702317238,
          -0.13654784858226776,
          0.9886982440948486,
          0.8226343393325806
        ],
        [
          0.0,
          0.0,
          0.0,
          1.0
        ]
      ]
    },
    {
      "img_id": 20,
      "aud_id": 20,
      "transform_matrix": [
        [
          0.9979778528213501,
          -0.00904911383986473,
          0.06291507184505463,
          0.06947703659534454
        ],
        [
          0.0002765557146631181,
          0.9904229044914246,
          0.13806632161140442,
          0.07014921307563782
        ],
        [
          -0.06356191635131836,
          -0.13776974380016327,
          0.988422691822052,
          0.8221563696861267
        ],
        [
          0.0,
          0.0,
          0.0,
          1.0
        ]
      ]
    },
    {
      "img_id": 21,
      "aud_id": 21,
      "transform_matrix": [
        [
          0.9979416728019714,
          -0.005199940875172615,
          0.06391644477844238,
          0.06980141997337341
        ],
        [
          -0.0037433330435305834,
          0.9902838468551636,
          0.13901032507419586,
          0.07114167511463165
        ],
        [
          -0.06401826441287994,
          -0.1389634609222412,
          0.988226056098938,
          0.8217599987983704
        ],
        [
          0.0,
          0.0,
          0.0,
          1.0
        ]
      ]
    },
    {
      "img_id": 22,
      "aud_id": 22,
      "transform_matrix": [
        [
          0.9979192614555359,
          -0.006889599375426769,
          0.06410721689462662,
          0.07019368559122086
        ],
        [
          -0.0024013870861381292,
          0.9896133542060852,
          0.14373467862606049,
          0.07521931082010269
        ],
        [
          -0.06443163007497787,
          -0.1435895562171936,
          0.987537682056427,
          0.8216226696968079
        ],
        [
          0.0,
          0.0,
          0.0,
          1.0
        ]
      ]
    },
    {
      "img_id": 23,
      "aud_id": 23,
      "transform_matrix": [
        [
          0.997936487197876,
          -0.007291943300515413,
          0.06379394233226776,
          0.06978543102741241
        ],
        [
          -0.0017742929048836231,
          0.9900195002555847,
          0.1409192830324173,
          0.07324892282485962
        ],
        [
          -0.06418482214212418,
          -0.14074167609214783,
          0.9879636168479919,
          0.8221902847290039
        ],
        [
          0.0,
          0.0,
          0.0,
          1.0
        ]
      ]
    },
    {
      "img_id": 24,
      "aud_id": 24,
      "transform_matrix": [
        [
          0.9979528188705444,
          -0.009532260708510876,
          0.06323998421430588,
          0.06948044896125793
        ],
        [
          0.0003483594919089228,
          0.9896255135536194,
          0.14367054402828217,
          0.07592470198869705
        ],
        [
          -0.06395340710878372,
          -0.1433544009923935,
          0.9876028895378113,
          0.82303786277771
        ],
        [
          0.0,
          0.0,
          0.0,
          1.0
        ]
      ]
    },
    {
      "img_id": 25,
      "aud_id": 25,
      "transform_matrix": [
        [
          0.9981749653816223,
          -0.00470442371442914,
          0.0602044016122818,
          0.0663515031337738
        ],
        [
          -0.003978225868195295,
          0.9896724224090576,
          0.14329193532466888,
          0.07580532133579254
        ],
        [
          -0.06025674566626549,
          -0.14326991140842438,
          0.9878475666046143,
          0.8243039846420288
        ],
        [
          0.0,
          0.0,
          0.0,
          1.0
        ]
      ]
    },
    {
      "img_id": 26,
      "aud_id": 26,
      "transform_matrix": [
        [
          0.9983908534049988,
          -0.004950808361172676,
          0.05648988485336304,
          0.06327500939369202
        ],
        [
          -0.00321187567897141,
          0.98964524269104,
          0.14349916577339172,
          0.07645357400178909
        ],
        [
          -0.05661538243293762,
          -0.14344969391822815,
          0.9880368709564209,
          0.8257865905761719
        ],
        [
          0.0,
          0.0,
          0.0,
          1.0
        ]
      ]
    },
    {
      "img_id": 27,
      "aud_id": 27,
      "transform_matrix": [
        [
          0.9986414909362793,
          -0.006698383018374443,
          0.05167539045214653,
          0.05945057421922684
        ],
        [
          -0.0010051110293716192,
          0.9890424609184265,
          0.14762791991233826,
          0.08035124838352203
        ],
        [
          -0.052098024636507034,
          -0.14747929573059082,
          0.9876920580863953,
          0.8273763060569763
        ],
        [
          0.0,
          0.0,
          0.0,
          1.0
        ]
      ]
    },
    {
      "img_id": 28,
      "aud_id": 28,
      "transform_matrix": [
        [
          0.998763382434845,
          -0.008905713446438313,
          0.04891320317983627,
          0.057478275150060654
        ],
        [
          0.0016376391286030412,
          0.989185094833374,
          0.14666356146335602,
          0.07996593415737152
        ],
        [
          -0.049690354615449905,
          -0.14640207588672638,
          0.9879763722419739,
          0.8289709091186523
        ],
        [
          0.0,
          0.0,
          0.0,
          1.0
        ]
      ]
    },
    {
      "img_id": 29,
      "aud_id": 29,
      "transform_matrix": [
        [
          0.9987494349479675,
          -0.005410539917647839,
          0.04970170930027962,
          0.057766735553741455
        ],
        [
          -0.0014904967974871397,
          0.990462601184845,
          0.13777334988117218,
          0.07275130599737167
        ],
        [
          -0.04997311532497406,
          -0.13767513632774353,
          0.9892159700393677,
          0.8304607272148132
        ],
        [
          0.0,
          0.0,
          0.0,
          1.0
        ]
      ]
    },
    {
      "img_id": 30,
      "aud_id": 30,
      "transform_matrix": [
        [
          0.9986383318901062,
          -0.0057397931814193726,
          0.051851339638233185,
          0.059456851333379745
        ],
        [
          -0.001389357610605657,
          0.9906499981880188,
          0.1364206224679947,
          0.07149329781532288
        ],
        [
          -0.05214955657720566,
          -0.13630689680576324,
          0.989293098449707,
          0.8313939571380615
        ],
        [
          0.0,
          0.0,
          0.0,
          1.0
        ]
      ]
    },
    {
      "img_id": 31,
      "aud_id": 31,
      "transform_matrix": [
        [
          0.9984539151191711,
          -0.006415657699108124,
          0.05521416291594505,
          0.06201603263616562
        ],
        [
          -0.0004479296039789915,
          0.9923559427261353,
          0.12340771406888962,
          0.06040089949965477
        ],
        [
          -0.05558384582400322,
          -0.12324164807796478,
          0.9908187985420227,
          0.8327317237854004
        ],
        [
          0.0,
          0.0,
          0.0,
          1.0
        ]
      ]
    },
    {
      "img_id": 32,
      "aud_id": 32,
      "transform_matrix": [
        [
          0.9984789490699768,
          -0.005740405060350895,
          0.05483431741595268,
          0.061822064220905304
        ],
        [
          -0.0007146977004595101,
          0.9931338429450989,
          0.11698151379823685,
          0.05508194491267204
        ],
        [
          -0.05512933433055878,
          -0.11684276908636093,
          0.9916191101074219,
          0.8330572247505188
        ],
        [
          0.0,
          0.0,
          0.0,
          1.0
        ]
      ]
    },
    {
      "img_id": 33,
      "aud_id": 33,
      "transform_matrix": [
        [
          0.998816192150116,
          -0.002592202741652727,
          0.04857351630926132,
          0.05625159665942192
        ],
        [
          -0.0029402850195765495,
          0.993535578250885,
          0.11348263174295425,
          0.052021630108356476
        ],
        [
          -0.04855368658900261,
          -0.11349111795425415,
          0.9923518896102905,
          0.8325748443603516
        ],
        [
          0.0,
          0.0,
          0.0,
          1.0
        ]
      ]
    },
    {
      "img_id": 34,
      "aud_id": 34,
      "transform_matrix": [
        [
          0.9990702867507935,
          -0.0017867826391011477,
          0.04307340830564499,
          0.05162360891699791
        ],
        [
          -0.0032475099433213472,
          0.9931825399398804,
          0.11652414500713348,
          0.05430151894688606
        ],
        [
          -0.04298796132206917,
          -0.11655569821596146,
          0.9922534227371216,
          0.8319191932678223
        ],
        [
          0.0,
          0.0,
          0.0,
          1.0
        ]
      ]
    },
    {
      "img_id": 35,
      "aud_id": 35,
      "transform_matrix": [
        [
          0.9992193579673767,
          -0.0028330727946013212,
          0.039403632283210754,
          0.048862289637327194
        ],
        [
          -0.0018038507550954819,
          0.9931129813194275,
          0.11714667081832886,
          0.05460721254348755
        ],
        [
          -0.03946414217352867,
          -0.11712629348039627,
          0.9923325777053833,
          0.831061065196991
        ],
        [
          0.0,
          0.0,
          0.0,
          1.0
        ]
      ]
    },
    {
      "img_id": 36,
      "aud_id": 36,
      "transform_matrix": [
        [
          0.9992716908454895,
          -0.003864981234073639,
          0.03796263039112091,
          0.047829777002334595
        ],
        [
          -0.0008081168052740395,
          0.9924907088279724,
          0.12231729924678802,
          0.05869094282388687
        ],
        [
          -0.03815031051635742,
          -0.12225888669490814,
          0.9917647242546082,
          0.8304547667503357
        ],
        [
          0.0,
          0.0,
          0.0,
          1.0
        ]
      ]
    },
    {
      "img_id": 37,
      "aud_id": 37,
      "transform_matrix": [
        [
          0.9992298483848572,
          -0.005234484560787678,
          0.03888886421918869,
          0.048800889402627945
        ],
        [
          0.0003434718237258494,
          0.9921913146972656,
          0.12472471594810486,
          0.06081435829401016
        ],
        [
          -0.03923806548118591,
          -0.12461530417203903,
          0.9914289712905884,
          0.830000102519989
        ],
        [
          0.0,
          0.0,
          0.0,
          1.0
        ]
      ]
    },
    {
      "img_id": 38,
      "aud_id": 38,
      "transform_matrix": [
        [
          0.9991704821586609,
          -0.00741434283554554,
          0.040042053908109665,
          0.050005193799734116
        ],
        [
          0.002573862671852112,
          0.992817759513855,
          0.11960834264755249,
          0.05643361806869507
        ],
        [
          -0.04064128175377846,
          -0.1194060668349266,
          0.9920133352279663,
          0.8298102617263794
        ],
        [
          0.0,
          0.0,
          0.0,
          1.0
        ]
      ]
    },
    {
      "img_id": 39,
      "aud_id": 39,
      "transform_matrix": [
        [
          0.9991605281829834,
          -0.006994353607296944,
          0.040365155786275864,
          0.05016785115003586
        ],
        [
          0.0020217052660882473,
          0.992535412311554,
          0.12194020301103592,
          0.05800056830048561
        ],
        [
          -0.04091673716902733,
          -0.12175622582435608,
          0.9917163252830505,
          0.8299806118011475
        ],
        [
          0.0,
          0.0,
          0.0,
          1.0
        ]
      ]
    },
    {
      "img_id": 40,
      "aud_id": 40,
      "transform_matrix": [
        [
          0.9990820288658142,
          -0.008092265576124191,
          0.04206674173474312,
          0.05162359029054642
        ],
        [
          0.003047222038730979,
          0.9929330945014954,
          0.11863654851913452,
          0.05485017970204353
        ],
        [
          -0.04272949695587158,
          -0.11839945614337921,
          0.9920462369918823,
          0.8300298452377319
        ],
        [
          0.0,
          0.0,
          0.0,
          1.0
        ]
      ]
    },
    {
      "img_id": 41,
      "aud_id": 41,
      "transform_matrix": [
        [
          0.9989372491836548,
          -0.009463042952120304,
          0.045109570026397705,
          0.05432687699794769
        ],
        [
          0.00424478854984045,
          0.9934256672859192,
          0.11440038681030273,
          0.05128934234380722
        ],
        [
          -0.04589557647705078,
          -0.11408732086420059,
          0.9924100637435913,
          0.8298872709274292
        ],
        [
          0.0,
          0.0,
          0.0,
          1.0
        ]
      ]
    },
    {
      "img_id": 42,
      "aud_id": 42,
      "transform_matrix": [
        [
          0.998931884765625,
          -0.009286221116781235,
          0.04526429995894432,
          0.05418176203966141
        ],
        [
          0.004101417027413845,
          0.9935502409934998,
          0.11331867426633835,
          0.05048126354813576
        ],
        [
          -0.04602465406060219,
          -0.11301198601722717,
          0.9925270676612854,
          0.8296889066696167
        ],
        [
          0.0,
          0.0,
          0.0,
          1.0
        ]
      ]
    },
    {
      "img_id": 43,
      "aud_id": 43,
      "transform_matrix": [
        [
          0.9990578293800354,
          -0.008354556746780872,
          0.04258693382143974,
          0.05153312534093857
        ],
        [
          0.0036414293572306633,
          0.9939725995063782,
          0.10956885665655136,
          0.04737119749188423
        ],
        [
          -0.04324564337730408,
          -0.10931053757667542,
          0.9930664300918579,
          0.8297691941261292
        ],
        [
          0.0,
          0.0,
          0.0,
          1.0
        ]
      ]
    },
    {
      "img_id": 44,
      "aud_id": 44,
      "transform_matrix": [
        [
          0.9991827011108398,
          -0.008355692028999329,
          0.039549291133880615,
          0.04874872416257858
        ],
        [
          0.0037536071613430977,
          0.9933542013168335,
          0.11503676325082779,
          0.05224267393350601
        ],
        [
          -0.04024766385555267,
          -0.1147942841053009,
          0.992573618888855,
          0.8300846815109253
        ],
        [
          0.0,
          0.0,
          0.0,
          1.0
        ]
      ]
    },
    {
      "img_id": 45,
      "aud_id": 45,
      "transform_matrix": [
        [
          0.9992090463638306,
          -0.006447473540902138,
          0.03924032673239708,
          0.048196859657764435
        ],
        [
          0.0017729121027514338,
          0.993010401725769,
          0.11801376938819885,
          0.054629478603601456
        ],
        [
          -0.03972694277763367,
          -0.11785085499286652,
          0.992236316204071,
          0.8295781016349792
        ],
        [
          0.0,
          0.0,
          0.0,
          1.0
        ]
      ]
    },
    {
      "img_id": 46,
      "aud_id": 46,
      "transform_matrix": [
        [
          0.9991264343261719,
          -0.007503155618906021,
          0.04111088812351227,
          0.049873821437358856
        ],
        [
          0.002548515796661377,
          0.9928585886955261,
          0.11926969885826111,
          0.05548451840877533
        ],
        [
          -0.0417121984064579,
          -0.11906072497367859,
          0.9920103549957275,
          0.8287431001663208
        ],
        [
          0.0,
          0.0,
          0.0,
          1.0
        ]
      ]
    },
    {
      "img_id": 47,
      "aud_id": 47,
      "transform_matrix": [
        [
          0.999037504196167,
          -0.007934343069791794,
          0.043140657246112823,
          0.05145373195409775
        ],
        [
          0.002900579245761037,
          0.9933013916015625,
          0.1155153289437294,
          0.052443258464336395
        ],
        [
          -0.04376821964979172,
          -0.11527901887893677,
          0.9923684000968933,
          0.828091025352478
        ],
        [
          0.0,
          0.0,
          0.0,
          1.0
        ]
      ]
    },
    {
      "img_id": 48,
      "aud_id": 48,
      "transform_matrix": [
        [
          0.9988742470741272,
          -0.00674444017931819,
          0.04695504903793335,
          0.054271142929792404
        ],
        [
          0.0012176069431006908,
          0.9931604266166687,
          0.11675155907869339,
          0.05349769815802574
        ],
        [
          -0.04742131754755974,
          -0.11656294018030167,
          0.9920505285263062,
          0.8272301554679871
        ],
        [
          0.0,
          0.0,
          0.0,
          1.0
        ]
      ]
    },
    {
      "img_id": 49,
      "aud_id": 49,
      "transform_matrix": [
        [
          0.9988285899162292,
          -0.008605580776929855,
          0.047617487609386444,
          0.05488664656877518
        ],
        [
          0.0027671910356730223,
          0.9926068782806396,
          0.12134218961000443,
          0.05704100802540779
        ],
        [
          -0.04830966144800186,
          -0.12106827646493912,
          0.9914678931236267,
          0.8265019059181213
        ],
        [
          0.0,
          0.0,
          0.0,
          1.0
        ]
      ]
    },
    {
      "img_id": 50,
      "aud_id": 50,
      "transform_matrix": [
        [
          0.9987409710884094,
          -0.009474578313529491,
          0.04926146939396858,
          0.056388337165117264
        ],
        [
          0.0035560422111302614,
          0.9929032921791077,
          0.1188713014125824,
          0.05482800304889679
        ],
        [
          -0.050038132816553116,
          -0.11854646354913712,
          0.9916868805885315,
          0.8263262510299683
        ],
        [
          0.0,
          0.0,
          0.0,
          1.0
        ]
      ]
    },
    {
      "img_id": 51,
      "aud_id": 51,
      "transform_matrix": [
        [
          0.9986544251441956,
          -0.009174258448183537,
          0.051039762794971466,
          0.057864218950271606
        ],
        [
          0.003056850517168641,
          0.9929295778274536,
          0.1186654195189476,
          0.0547294057905674
        ],
        [
          -0.051767557859420776,
          -0.11834973096847534,
          0.9916216135025024,
          0.8265304565429688
        ],
        [
          0.0,
          0.0,
          0.0,
          1.0
        ]
      ]
    },
    {
      "img_id": 52,
      "aud_id": 52,
      "transform_matrix": [
        [
          0.9986917972564697,
          -0.010755356401205063,
          0.04998965561389923,
          0.05717576667666435
        ],
        [
          0.004899062681943178,
          0.9932572245597839,
          0.11582760512828827,
          0.05237095057964325
        ],
        [
          -0.05089835822582245,
          -0.11543118208646774,
          0.9920105934143066,
          0.8266916275024414
        ],
        [
          0.0,
          0.0,
          0.0,
          1.0
        ]
      ]
    },
    {
      "img_id": 53,
      "aud_id": 53,
      "transform_matrix": [
        [
          0.9987776875495911,
          -0.009768406860530376,
          0.04845263436436653,
          0.055829230695962906
        ],
        [
          0.0038836500607430935,
          0.9927552938461304,
          0.12009117752313614,
          0.0555153451859951
        ],
        [
          -0.049274709075689316,
          -0.11975622177124023,
          0.9915797710418701,
          0.8269668817520142
        ],
        [
          0.0,
          0.0,
          0.0,
          1.0
        ]
      ]
    },
    {
      "img_id": 54,
      "aud_id": 54,
      "transform_matrix": [
        [
          0.9987345933914185,
          -0.009463238529860973,
          0.04939248412847519,
          0.05670486390590668
        ],
        [
          0.0034198304638266563,
          0.9926427006721497,
          0.12103279680013657,
          0.0560188814997673
        ],
        [
          -0.050174448639154434,
          -0.12071072310209274,
          0.9914188981056213,
          0.8272573351860046
        ],
        [
          0.0,
          0.0,
          0.0,
          1.0
        ]
      ]
    },
    {
      "img_id": 55,
      "aud_id": 55,
      "transform_matrix": [
        [
          0.9988173842430115,
          -0.010296909138560295,
          0.04751601070165634,
          0.05550486966967583
        ],
        [
          0.004394443240016699,
          0.9924352169036865,
          0.12269062548875809,
          0.057343948632478714
        ],
        [
          -0.04841990023851395,
          -0.1223367229104042,
          0.9913067817687988,
          0.827825665473938
        ],
        [
          0.0,
          0.0,
          0.0,
          1.0
        ]
      ]
    },
    {
      "img_id": 56,
      "aud_id": 56,
      "transform_matrix": [
        [
          0.9987360239028931,
          -0.011187579482793808,
          0.049001943320035934,
          0.057232312858104706
        ],
        [
          0.005230837035924196,
          0.9927550554275513,
          0.12004219740629196,
          0.05509310960769653
        ],
        [
          -0.04998990520834923,
          -0.11963414400815964,
          0.9915587306022644,
          0.8275825381278992
        ],
        [
          0.0,
          0.0,
          0.0,
          1.0
        ]
      ]
    },
    {
      "img_id": 57,
      "aud_id": 57,
      "transform_matrix": [
        [
          0.9986291527748108,
          -0.007828781381249428,
          0.05175388976931572,
          0.059561021625995636
        ],
        [
          0.0016444417415186763,
          0.9929558634757996,
          0.11847317218780518,
          0.053651172667741776
        ],
        [
          -0.052316829562187195,
          -0.11822565644979477,
          0.9916076064109802,
          0.8270359635353088
        ],
        [
          0.0,
          0.0,
          0.0,
          1.0
        ]
      ]
    },
    {
      "img_id": 58,
      "aud_id": 58,
      "transform_matrix": [
        [
          0.9986490607261658,
          -0.0032910751178860664,
          0.05185715854167938,
          0.05940040573477745
        ],
        [
          -0.0026651539374142885,
          0.9934343695640564,
          0.11437226831912994,
          0.05029405280947685
        ],
        [
          -0.051893092691898346,
          -0.11435597389936447,
          0.9920836091041565,
          0.8262836337089539
        ],
        [
          0.0,
          0.0,
          0.0,
          1.0
        ]
      ]
    },
    {
      "img_id": 59,
      "aud_id": 59,
      "transform_matrix": [
        [
          0.9986675381660461,
          0.000578777864575386,
          0.05160205066204071,
          0.05877218395471573
        ],
        [
          -0.006457501091063023,
          0.9934791326522827,
          0.11383061110973358,
          0.049806881695985794
        ],
        [
          -0.05119968205690384,
          -0.11401216685771942,
          0.9921591877937317,
          0.8252569437026978
        ],
        [
          0.0,
          0.0,
          0.0,
          1.0
        ]
      ]
    },
    {
      "img_id": 60,
      "aud_id": 60,
      "transform_matrix": [
        [
          0.998807430267334,
          0.001506100408732891,
          0.048800770193338394,
          0.0563020259141922
        ],
        [
          -0.007572052534669638,
          0.9922088384628296,
          0.124355748295784,
          0.058447565883398056
        ],
        [
          -0.048233259469270706,
          -0.12457696348428726,
          0.9910368919372559,
          0.8237725496292114
        ],
        [
          0.0,
          0.0,
          0.0,
          1.0
        ]
      ]
    },
    {
      "img_id": 61,
      "aud_id": 61,
      "transform_matrix": [
        [
          0.9990459084510803,
          -0.00032569048926234245,
          0.04367068037390709,
          0.05212358757853508
        ],
        [
          -0.0054137734696269035,
          0.9913354516029358,
          0.13124315440654755,
          0.06418715417385101
        ],
        [
          -0.04333503544330597,
          -0.13135434687137604,
          0.9903878569602966,
          0.8219357132911682
        ],
        [
          0.0,
          0.0,
          0.0,
          1.0
        ]
      ]
    },
    {
      "img_id": 62,
      "aud_id": 62,
      "transform_matrix": [
        [
          0.9992346167564392,
          -0.00040797097608447075,
          0.03911484405398369,
          0.04828430712223053
        ],
        [
          -0.004915342200547457,
          0.9907101988792419,
          0.13590137660503387,
          0.06796284019947052
        ],
        [
          -0.03880691900849342,
          -0.13598962128162384,
          0.9899499416351318,
          0.8200090527534485
        ],
        [
          0.0,
          0.0,
          0.0,
          1.0
        ]
      ]
    },
    {
      "img_id": 63,
      "aud_id": 63,
      "transform_matrix": [
        [
          0.9993928074836731,
          -0.0025973906740546227,
          0.034745655953884125,
          0.04453574866056442
        ],
        [
          -0.0022655942011624575,
          0.9902628064155579,
          0.13919202983379364,
          0.07064962387084961
        ],
        [
          -0.03476886451244354,
          -0.13918623328208923,
          0.9896556735038757,
          0.8181757926940918
        ],
        [
          0.0,
          0.0,
          0.0,
          1.0
        ]
      ]
    },
    {
      "img_id": 64,
      "aud_id": 64,
      "transform_matrix": [
        [
          0.9993513822555542,
          -0.005355685483664274,
          0.03561074286699295,
          0.04531867057085037
        ],
        [
          0.00037034042179584503,
          0.9903551340103149,
          0.1385517418384552,
          0.07014527916908264
        ],
        [
          -0.036009322851896286,
          -0.13844868540763855,
          0.9897147417068481,
          0.8177582621574402
        ],
        [
          0.0,
          0.0,
          0.0,
          1.0
        ]
      ]
    },
    {
      "img_id": 65,
      "aud_id": 65,
      "transform_matrix": [
        [
          0.9992098808288574,
          -0.011522096581757069,
          0.03803766146302223,
          0.048024848103523254
        ],
        [
          0.006346697919070721,
          0.9910318851470947,
          0.13347512483596802,
          0.06579084694385529
        ],
        [
          -0.03923444449901581,
          -0.13312824070453644,
          0.990321934223175,
          0.8183870315551758
        ],
        [
          0.0,
          0.0,
          0.0,
          1.0
        ]
      ]
    },
    {
      "img_id": 66,
      "aud_id": 66,
      "transform_matrix": [
        [
          0.999146044254303,
          -0.013670076616108418,
          0.03899158164858818,
          0.0488114133477211
        ],
        [
