{
  "focal_len": 1400.0,
  "cx": 480.0,
  "cy": 480.0,
  "frames": [
    {
      "img_id": 0,
      "aud_id": 0,
      "transform_matrix": [
        [
          0.9993633031845093,
          0.012124872766435146,
          0.03355546295642853,
          0.033594947308301926
        ],
        [
          -0.017501182854175568,
          0.9861563444137573,
          0.1648917943239212,
          0.04820922762155533
        ],
        [
          -0.031091641634702682,
          -0.16537407040596008,
          0.9857407212257385,
          0.5625932216644287
        ],
        [
          0.0,
          0.0,
          0.0,
          1.0
        ]
      ]
    },
    {
      "img_id": 1,
      "aud_id": 1,
      "transform_matrix": [
        [
          0.9993434548377991,
          0.007220556493848562,
          0.03550492972135544,
          0.03509606793522835
        ],
        [
          -0.012917272746562958,
          0.9865506291389465,
          0.16294489800930023,
          0.04724421724677086
        ],
        [
          -0.03385085612535477,
          -0.16329653561115265,
          0.9859961271286011,
          0.5626017451286316
        ],
        [
          0.0,
          0.0,
          0.0,
          1.0
        ]
      ]
    },
    {
      "img_id": 2,
      "aud_id": 2,
      "transform_matrix": [
        [
          0.9993031024932861,
          0.002296785358339548,
          0.03725563362240791,
          0.03665207326412201
        ],
        [
          -0.008118156343698502,
          0.9875861406326294,
          0.15686823427677155,
          0.044032175093889236
        ],
        [
          -0.03643285855650902,
          -0.157061368227005,
          0.9869166016578674,
          0.5626758933067322
        ],
        [
          0.0,
          0.0,
          0.0,
          1.0
        ]
      ]
    },
    {
      "img_id": 3,
      "aud_id": 3,
      "transform_matrix": [
        [
          0.9991087317466736,
          0.0019537205807864666,
          0.04216619208455086,
          0.039437320083379745
        ],
        [
          -0.008431866765022278,
          0.9880333542823792,
          0.1540098935365677,
          0.04229496046900749
        ],
        [
          -0.04136070981621742,
          -0.15422815084457397,
          0.9871691465377808,
          0.5623957514762878
        ],
        [
          0.0,
          0.0,
          0.0,
          1.0
        ]
      ]
    },
    {
      "img_id": 4,
      "aud_id": 4,
      "transform_matrix": [
        [
          0.9988636374473572,
          -0.002243190072476864,
          0.04760615900158882,
          0.0426577553153038
        ],
        [
          -0.0053334543481469154,
          0.9873558878898621,
          0.15842953324317932,
          0.04478216916322708
        ],
        [
          -0.04735960438847542,
          -0.15850341320037842,
          0.986221969127655,
          0.5618976950645447
        ],
        [
          0.0,
          0.0,
          0.0,
          1.0
        ]
      ]
    },
    {
      "img_id": 5,
      "aud_id": 5,
      "transform_matrix": [
        [
          0.9987742304801941,
          -0.0009514158591628075,
          0.049489665776491165,
          0.043587446212768555
        ],
        [
          -0.0072212605737149715,
          0.9863177537918091,
          0.16469714045524597,
          0.047954775393009186
        ],
        [
          -0.04896923154592514,
          -0.16485261917114258,
          0.9851018190383911,
          0.5616674423217773
        ],
        [
          0.0,
          0.0,
          0.0,
          1.0
        ]
      ]
    },
    {
      "img_id": 6,
      "aud_id": 6,
      "transform_matrix": [
        [
          0.9987369775772095,
          -0.0023607644252479076,
          0.05018848553299904,
          0.0443645641207695
        ],
        [
          -0.006017093081027269,
          0.9860868453979492,
          0.16612201929092407,
          0.048637956380844116
        ],
        [
          -0.04988238215446472,
          -0.16621416807174683,
          0.9848271608352661,
          0.5612449645996094
        ],
        [
          0.0,
          0.0,
          0.0,
          1.0
        ]
      ]
    },
    {
      "img_id": 7,
      "aud_id": 7,
      "transform_matrix": [
        [
          0.9987504482269287,
          -0.0030792877078056335,
          0.049880076199769974,
          0.044234760105609894
        ],
        [
          -0.005253409035503864,
          0.9861007928848267,
          0.16606496274471283,
          0.04838069900870323
        ],
        [
          -0.04969814419746399,
          -0.16611948609352112,
          0.9848524928092957,
          0.5605580806732178
        ],
        [
          0.0,
          0.0,
          0.0,
          1.0
        ]
      ]
    },
    {
      "img_id": 8,
      "aud_id": 8,
      "transform_matrix": [
        [
          0.9987751841545105,
          0.0007330458611249924,
          0.04947259649634361,
          0.04376380145549774
        ],
        [
          -0.008850094862282276,
          0.9864116311073303,
          0.16405385732650757,
          0.04737809672951698
        ],
        [
          -0.04868008941411972,
          -0.16429077088832855,
          0.9852100014686584,
          0.5598580241203308
        ],
        [
          0.0,
          0.0,
          0.0,
          1.0
        ]
      ]
    },
    {
      "img_id": 9,
      "aud_id": 9,
      "transform_matrix": [
        [
          0.9989109635353088,
          -0.0006277658976614475,
          0.04665321111679077,
          0.04216574877500534
        ],
        [
          -0.0068237995728850365,
          0.9871920347213745,
          0.15939083695411682,
          0.04470937326550484
        ],
        [
          -0.04615573585033417,
          -0.15953560173511505,
          0.9861125946044922,
          0.5590439438819885
        ],
        [
          0.0,
          0.0,
          0.0,
          1.0
        ]
      ]
    },
    {
      "img_id": 10,
      "aud_id": 10,
      "transform_matrix": [
        [
          0.998867392539978,
          -0.005534724798053503,
          0.04725814238190651,
          0.042799875140190125
        ],
        [
          -0.0022889706306159496,
          0.9864721894264221,
          0.16391313076019287,
          0.047295354306697845
        ],
        [
          -0.047526050359010696,
          -0.16383565962314606,
          0.9853422045707703,
          0.5576854944229126
        ],
        [
          0.0,
          0.0,
          0.0,
          1.0
        ]
      ]
    },
    {
      "img_id": 11,
      "aud_id": 11,
      "transform_matrix": [
        [
          0.9987673759460449,
          -0.0035822633653879166,
          0.049505993723869324,
          0.04368650168180466
        ],
        [
          -0.0048855687491595745,
          0.9854539632797241,
          0.16987240314483643,
          0.050370458513498306
        ],
        [
          -0.049394406378269196,
          -0.169904887676239,
          0.9842217564582825,
          0.5563843846321106
        ],
        [
          0.0,
          0.0,
          0.0,
          1.0
        ]
      ]
    },
    {
      "img_id": 12,
      "aud_id": 12,
      "transform_matrix": [
        [
          0.9985985159873962,
          -0.006961672566831112,
          0.052464455366134644,
          0.0457351952791214
        ],
        [
          -0.0023888451978564262,
          0.984371542930603,
          0.1760881543159485,
          0.05394310876727104
        ],
        [
          -0.052870385348796844,
          -0.17596670985221863,
          0.9829753041267395,
          0.5550389885902405
        ],
        [
          0.0,
          0.0,
          0.0,
          1.0
        ]
      ]
    },
    {
      "img_id": 13,
      "aud_id": 13,
      "transform_matrix": [
        [
          0.9985508322715759,
          -0.011993685737252235,
          0.052462492138147354,
          0.04613933712244034
        ],
        [
          0.0026255103293806314,
          0.9845456480979919,
          0.1751084178686142,
          0.05340830981731415
        ],
        [
          -0.05375191569328308,
          -0.17471691966056824,
          0.9831503629684448,
          0.5540492534637451
        ],
        [
          0.0,
          0.0,
          0.0,
          1.0
        ]
      ]
    },
    {
      "img_id": 14,
      "aud_id": 14,
      "transform_matrix": [
        [
          0.9985869526863098,
          -0.012335444800555706,
          0.05169106274843216,
          0.04555189609527588
        ],
        [
          0.0029299689922481775,
          0.9839873313903809,
          0.1782144010066986,
          0.05513911321759224
        ],
        [
          -0.05306170508265495,
          -0.17781111598014832,
          0.9826330542564392,
          0.5533573031425476
        ],
        [
          0.0,
          0.0,
          0.0,
          1.0
        ]
      ]
    },
    {
      "img_id": 15,
      "aud_id": 15,
      "transform_matrix": [
        [
          0.9987190365791321,
          -0.016823038458824158,
          0.047721341252326965,
          0.044024508446455
        ],
        [
          0.008195733651518822,
          0.9844416975975037,
          0.17552033066749573,
          0.05365753173828125
        ],
        [
          -0.049931664019823074,
          -0.17490439116954803,
          0.9833185076713562,
          0.5535483956336975
        ],
        [
          0.0,
          0.0,
          0.0,
          1.0
        ]
      ]
    },
    {
      "img_id": 16,
      "aud_id": 16,
      "transform_matrix": [
        [
          0.9989117383956909,
          -0.013116003014147282,
          0.04475846141576767,
          0.04185676574707031
        ],
        [
          0.005355284549295902,
          0.985552191734314,
          0.16928750276565552,
          0.050242550671100616
        ],
        [
          -0.04633217304944992,
          -0.16886357963085175,
          0.984549880027771,
          0.5538129806518555
        ],
        [
          0.0,
          0.0,
          0.0,
          1.0
        ]
      ]
    },
    {
      "img_id": 17,
      "aud_id": 17,
      "transform_matrix": [
        [
          0.9988120198249817,
          -0.014236577786505222,
          0.04660259932279587,
          0.04318642616271973
        ],
        [
          0.006117618177086115,
          0.9854381084442139,
          0.16992433369159698,
          0.05048862472176552
        ],
        [
          -0.04834311828017235,
          -0.16943739354610443,
          0.984354555606842,
          0.5542945265769958
        ],
        [
          0.0,
          0.0,
          0.0,
          1.0
        ]
      ]
    },
    {
      "img_id": 18,
      "aud_id": 18,
      "transform_matrix": [
        [
          0.9986438155174255,
          -0.009690242819488049,
          0.05115372687578201,
          0.045531488955020905
        ],
        [
          0.0009961335454136133,
          0.985902726650238,
          0.16731634736061096,
          0.04909006878733635
        ],
        [
          -0.052053939551115036,
          -0.1670384705066681,
          0.9845752716064453,
          0.5547622442245483
        ],
        [
          0.0,
          0.0,
          0.0,
          1.0
        ]
      ]
    },
    {
      "img_id": 19,
      "aud_id": 19,
      "transform_matrix": [
        [
          0.9983394145965576,
          -0.01327323168516159,
          0.05605597421526909,
          0.04871518909931183
        ],
        [
          0.0037619774229824543,
          0.9860377907752991,
          0.16647960245609283,
          0.04876483976840973
        ],
        [
          -0.05748302489519119,
          -0.16599225997924805,
          0.9844502806663513,
          0.5551834106445312
        ],
        [
          0.0,
          0.0,
          0.0,
          1.0
        ]
      ]
    },
    {
      "img_id": 20,
      "aud_id": 20,
      "transform_matrix": [
        [
          0.9981913566589355,
          -0.013193954713642597,
          0.058650631457567215,
          0.05003969371318817
        ],
        [
          0.0033760881051421165,
          0.9863819479942322,
          0.16443635523319244,
          0.04782245308160782
        ],
        [
          -0.06002148613333702,
          -0.16394095122814178,
          0.984642505645752,
          0.5551220774650574
        ],
        [
          0.0,
          0.0,
          0.0,
          1.0
        ]
      ]
    },
    {
      "img_id": 21,
      "aud_id": 21,
      "transform_matrix": [
        [
          0.9981047511100769,
          -0.009809945710003376,
          0.06075099855661392,
          0.05066239833831787
        ],
        [
          -0.0002277613093610853,
          0.986616313457489,
          0.16305874288082123,
          0.047191064804792404
        ],
        [
          -0.06153752654790878,
          -0.1627635359764099,
          0.9847441911697388,
          0.55515056848526
        ],
        [
          0.0,
          0.0,
          0.0,
          1.0
        ]
      ]
    },
    {
      "img_id": 22,
      "aud_id": 22,
      "transform_matrix": [
        [
          0.9983335733413696,
          -0.007967155426740646,
          0.05715445801615715,
          0.048557717353105545
        ],
        [
          -0.0014447905123233795,
          0.9866622686386108,
          0.16277426481246948,
          0.0473887138068676
        ],
        [
          -0.05768899619579315,
          -0.1625855714082718,
          0.9850065112113953,
          0.5549519062042236
        ],
        [
          0.0,
          0.0,
          0.0,
          1.0
        ]
      ]
    },
    {
      "img_id": 23,
      "aud_id": 23,
      "transform_matrix": [
        [
          0.9983459711074829,
          -0.0025650453753769398,
          0.05743498355150223,
          0.0482441745698452
        ],
        [
          -0.007531918119639158,
          0.9845588803291321,
          0.1748916357755661,
          0.05442183464765549
        ],
        [
          -0.05699672922492027,
          -0.17503494024276733,
          0.9829109907150269,
          0.5545015931129456
        ],
        [
          0.0,
          0.0,
          0.0,
          1.0
        ]
      ]
    },
    {
      "img_id": 24,
      "aud_id": 24,
      "transform_matrix": [
        [
          0.9984945058822632,
          -0.004494684748351574,
          0.05466713011264801,
          0.04690749943256378
        ],
        [
          -0.005082049407064915,
          0.9847695231437683,
          0.17379048466682434,
          0.0543229766190052
        ],
        [
          -0.05461565777659416,
          -0.17380666732788086,
          0.9832640886306763,
          0.5542441606521606
        ],
        [
          0.0,
          0.0,
          0.0,
          1.0
        ]
      ]
    },
    {
      "img_id": 25,
      "aud_id": 25,
      "transform_matrix": [
        [
          0.9985470771789551,
          -0.004660992417484522,
          0.05368417873978615,
          0.04624398052692413
        ],
        [
          -0.004854552913457155,
          0.9844200015068054,
          0.17576639354228973,
          0.0555989146232605
        ],
        [
          -0.053667016327381134,
          -0.17577162384986877,
          0.9829670786857605,
          0.5542101263999939
        ],
        [
          0.0,
          0.0,
          0.0,
          1.0
        ]
      ]
    },
    {
      "img_id": 26,
      "aud_id": 26,
      "transform_matrix": [
        [
          0.9985265135765076,
          -0.005158806219696999,
          0.054020773619413376,
          0.046151891350746155
        ],
        [
          -0.004578689578920603,
          0.9839123487472534,
          0.1785934418439865,
          0.05719877779483795
        ],
        [
          -0.0540730319917202,
          -0.17857763171195984,
          0.9824389219284058,
          0.5542193651199341
        ],
        [
          0.0,
          0.0,
          0.0,
          1.0
        ]
      ]
    },
    {
      "img_id": 27,
      "aud_id": 27,
      "transform_matrix": [
        [
          0.9983592629432678,
          -0.010831448249518871,
          0.056226905435323715,
          0.04772667586803436
        ],
        [
          0.0008359858184121549,
          0.984598696231842,
          0.17482762038707733,
          0.05586501210927963
        ],
        [
          -0.057254571467638016,
          -0.17449375987052917,
          0.9829923510551453,
          0.5542667508125305
        ],
        [
          0.0,
          0.0,
          0.0,
          1.0
        ]
      ]
    },
    {
      "img_id": 28,
      "aud_id": 28,
      "transform_matrix": [
        [
          0.998224675655365,
          -0.012306771241128445,
          0.058275435119867325,
          0.04908742010593414
        ],
        [
          0.0019115927862003446,
          0.984535813331604,
          0.1751725822687149,
          0.05616467818617821
        ],
        [
          -0.059530068188905716,
          -0.1747502088546753,
          0.9828115105628967,
          0.5548343658447266
        ],
        [
          0.0,
          0.0,
          0.0,
          1.0
        ]
      ]
    },
    {
      "img_id": 29,
      "aud_id": 29,
      "transform_matrix": [
        [
          0.9982213973999023,
          -0.013347025960683823,
          0.05810214579105377,
          0.04895491898059845
        ],
        [
          0.0034155442845076323,
          0.9858188033103943,
          0.16777829825878143,
          0.05208628997206688
        ],
        [
          -0.05951752886176109,
          -0.16728144884109497,
          0.9841110706329346,
          0.555435061454773
        ],
        [
          0.0,
          0.0,
          0.0,
          1.0
        ]
      ]
    },
    {
      "img_id": 30,
      "aud_id": 30,
      "transform_matrix": [
        [
          0.9983547329902649,
          -0.0097993528470397,
          0.05649591609835625,
          0.04770457372069359
        ],
        [
          0.00016558360948693007,
          0.9857769012451172,
          0.168059304356575,
          0.05238007381558418
        ],
        [
          -0.05733923986554146,
          -0.16777344048023224,
          0.9841566681861877,
          0.5566026568412781
        ],
        [
          0.0,
          0.0,
          0.0,
          1.0
        ]
      ]
    },
    {
      "img_id": 31,
      "aud_id": 31,
      "transform_matrix": [
        [
          0.9984931349754333,
          -0.009161708876490593,
          0.054106272757053375,
          0.04636010527610779
        ],
        [
          0.0006805994780734181,
          0.9879567623138428,
          0.15472880005836487,
          0.04482497647404671
        ],
        [
          -0.054872237145900726,
          -0.15445880591869354,
          0.9864742755889893,
          0.5577170848846436
        ],
        [
          0.0,
          0.0,
          0.0,
          1.0
        ]
      ]
    },
    {
      "img_id": 32,
      "aud_id": 32,
      "transform_matrix": [
        [
          0.998532235622406,
          -0.009333474561572075,
          0.053349997848272324,
          0.0459931343793869
        ],
        [
          0.0011929536703974009,
          0.98859041929245,
          0.15062382817268372,
          0.042275939136743546
        ],
        [
          -0.0541471429169178,
          -0.15033909678459167,
          0.9871505498886108,
          0.5575970411300659
        ],
        [
          0.0,
          0.0,
          0.0,
          1.0
        ]
      ]
    },
    {
      "img_id": 33,
      "aud_id": 33,
      "transform_matrix": [
        [
          0.9986690878868103,
          -0.00747695192694664,
          0.05103117227554321,
          0.044442396610975266
        ],
        [
          -0.00039515699609182775,
          0.9882978796958923,
          0.15253593027591705,
          0.04307672753930092
        ],
        [
          -0.051574498414993286,
          -0.15235307812690735,
          0.9869795441627502,
          0.5575942993164062
        ],
        [
          0.0,
          0.0,
          0.0,
          1.0
        ]
      ]
    },
    {
      "img_id": 34,
      "aud_id": 34,
      "transform_matrix": [
        [
          0.9989003539085388,
          -0.008188273757696152,
          0.046163901686668396,
          0.04171069711446762
        ],
        [
          0.0012115692952647805,
          0.9888103604316711,
          0.14917312562465668,
          0.04123550280928612
        ],
        [
          -0.046868812292814255,
          -0.1489531546831131,
          0.9877328872680664,
          0.5572545528411865
        ],
        [
          0.0,
          0.0,
          0.0,
          1.0
        ]
      ]
    },
    {
      "img_id": 35,
      "aud_id": 35,
      "transform_matrix": [
        [
          0.9990594983100891,
          -0.015199083834886551,
          0.040609583258628845,
          0.03939320147037506
        ],
        [
          0.00861864723265171,
          0.9874730110168457,
          0.1575525403022766,
          0.04572596773505211
        ],
        [
          -0.042495522648096085,
          -0.1570543497800827,
          0.9866752028465271,
          0.5569632649421692
        ],
        [
          0.0,
          0.0,
          0.0,
          1.0
        ]
      ]
    },
    {
      "img_id": 36,
      "aud_id": 36,
      "transform_matrix": [
        [
          0.9989165663719177,
          -0.010080454871058464,
          0.045431338250637054,
          0.04150485247373581
        ],
        [
          0.0031376853585243225,
          0.9886248111724854,
          0.1503698229789734,
          0.041393280029296875
        ],
        [
          -0.04643034562468529,
          -0.1500643640756607,
          0.9875853657722473,
          0.5564543008804321
        ],
        [
          0.0,
          0.0,
          0.0,
          1.0
        ]
      ]
    },
    {
      "img_id": 37,
      "aud_id": 37,
      "transform_matrix": [
        [
          0.9987885355949402,
          -0.013438522815704346,
          0.04733690246939659,
          0.04309931397438049
        ],
        [
          0.006266407202929258,
          0.9888898730278015,
          0.1485184133052826,
          0.04101082682609558
        ],
        [
          -0.048806849867105484,
          -0.14804185926914215,
          0.9877760410308838,
          0.5561885237693787
        ],
        [
          0.0,
          0.0,
          0.0,
          1.0
        ]
      ]
    },
    {
      "img_id": 38,
      "aud_id": 38,
      "transform_matrix": [
        [
          0.9985600709915161,
          -0.009747139178216457,
          0.05275141820311546,
          0.045665718615055084
        ],
        [
          0.0015822992427274585,
          0.9882780313491821,
          0.15265677869319916,
          0.0430372878909111
        ],
        [
          -0.05362103134393692,
          -0.15235349535942078,
          0.9868704080581665,
          0.5559539794921875
        ],
        [
          0.0,
          0.0,
          0.0,
          1.0
        ]
      ]
    },
    {
      "img_id": 39,
      "aud_id": 39,
      "transform_matrix": [
        [
          0.9985007047653198,
          -0.012101358734071255,
          0.05338350683450699,
          0.04613366723060608
        ],
        [
          0.0038216738030314445,
          0.9882882237434387,
          0.152550607919693,
          0.04225128889083862
        ],
        [
          -0.054604362696409225,
          -0.15211789309978485,
          0.986852765083313,
          0.5561234951019287
        ],
        [
          0.0,
          0.0,
          0.0,
          1.0
        ]
      ]
    },
    {
      "img_id": 40,
      "aud_id": 40,
      "transform_matrix": [
        [
          0.9983598589897156,
          -0.012953356839716434,
          0.05576523020863533,
          0.047334544360637665
        ],
        [
          0.0043655154295265675,
          0.9884558320045471,
          0.15144678950309753,
          0.04127482697367668
        ],
        [
          -0.05708320438861847,
          -0.1509549468755722,
          0.9868911504745483,
          0.5558915138244629
        ],
        [
          0.0,
          0.0,
          0.0,
          1.0
        ]
      ]
    },
    {
      "img_id": 41,
      "aud_id": 41,
      "transform_matrix": [
        [
          0.9984385371208191,
          -0.013513898476958275,
          0.05420204624533653,
          0.0463460236787796
        ],
        [
          0.005378805100917816,
          0.9890456795692444,
          0.1475120633840561,
          0.03904039412736893
        ],
        [
          -0.055601757019758224,
          -0.14699018001556396,
          0.9875739812850952,
          0.5553691387176514
        ],
        [
          0.0,
          0.0,
          0.0,
          1.0
        ]
      ]
    },
    {
      "img_id": 42,
      "aud_id": 42,
      "transform_matrix": [
        [
          0.9987002611160278,
          -0.01318991370499134,
          0.04923137277364731,
          0.04356617480516434
        ],
        [
          0.005737832747399807,
          0.988889217376709,
          0.14854326844215393,
          0.03937408700585365
        ],
        [
          -0.05064364895224571,
          -0.14806772768497467,
          0.987679660320282,
          0.5551705956459045
        ],
        [
          0.0,
          0.0,
          0.0,
          1.0
        ]
      ]
    },
    {
      "img_id": 43,
      "aud_id": 43,
      "transform_matrix": [
        [
          0.9989064931869507,
          -0.009932959452271461,
          0.04568512737751007,
          0.04103345423936844
        ],
        [
          0.0031818808056414127,
          0.9893481135368347,
          0.14553430676460266,
          0.03790993615984917
        ],
        [
          -0.04664408043026924,
          -0.1452297866344452,
          0.9882978200912476,
          0.554511547088623
        ],
        [
          0.0,
          0.0,
          0.0,
          1.0
        ]
      ]
    },
    {
      "img_id": 44,
      "aud_id": 44,
      "transform_matrix": [
        [
          0.9991471171379089,
          -0.008328717201948166,
          0.040442634373903275,
          0.03749750927090645
        ],
        [
          0.002455519512295723,
          0.9896975159645081,
          0.14315301179885864,
          0.03687184303998947
        ],
        [
          -0.04121825844049454,
          -0.14293161034584045,
          0.9888738989830017,
          0.5536923408508301
        ],
        [
          0.0,
          0.0,
          0.0,
          1.0
        ]
      ]
    },
    {
      "img_id": 45,
      "aud_id": 45,
      "transform_matrix": [
        [
          0.9992556571960449,
          -0.009456634521484375,
          0.03740008920431137,
          0.03580058366060257
        ],
        [
          0.003786154557019472,
          0.9888491630554199,
          0.14887262880802155,
          0.03988846018910408
        ],
        [
          -0.0383908785879612,
          -0.14862020313739777,
          0.9881489276885986,
          0.5530694127082825
        ],
        [
          0.0,
          0.0,
          0.0,
          1.0
        ]
      ]
    },
    {
      "img_id": 46,
      "aud_id": 46,
      "transform_matrix": [
        [
          0.9992740750312805,
          -0.006282634101808071,
          0.03757447004318237,
          0.035577442497015
        ],
        [
          0.0005255677970126271,
          0.9884873628616333,
          0.15130268037319183,
          0.041184570640325546
        ],
        [
          -0.038092467933893204,
          -0.15117308497428894,
          0.987773060798645,
          0.5525686740875244
        ],
        [
          0.0,
          0.0,
          0.0,
          1.0
        ]
      ]
    },
    {
      "img_id": 47,
      "aud_id": 47,
      "transform_matrix": [
        [
          0.9992585182189941,
          -0.009215643629431725,
          0.037382811307907104,
          0.03577059507369995
        ],
        [
          0.0038286286871880293,
          0.9899035096168518,
          0.14169099926948547,
          0.03578798472881317
        ],
        [
          -0.038311149924993515,
          -0.14144280552864075,
          0.9892048239707947,
          0.5523404479026794
        ],
        [
          0.0,
          0.0,
          0.0,
          1.0
        ]
      ]
    },
    {
      "img_id": 48,
      "aud_id": 48,
      "transform_matrix": [
        [
          0.9990654587745667,
          -0.010051477700471878,
          0.04203880578279495,
          0.0383124053478241
        ],
        [
          0.004174325615167618,
          0.9904764890670776,
          0.1376187801361084,
          0.0334823802113533
        ],
        [
          -0.04302171617746353,
          -0.13731466233730316,
          0.9895927309989929,
          0.5525597333908081
        ],
        [
          0.0,
          0.0,
          0.0,
          1.0
        ]
      ]
    },
    {
      "img_id": 49,
      "aud_id": 49,
      "transform_matrix": [
        [
          0.9989593029022217,
          -0.009010741487145424,
          0.04471099376678467,
          0.03967940807342529
        ],
        [
          0.002795437816530466,
          0.9905436038970947,
          0.13716991245746613,
          0.033472757786512375
        ],
        [
          -0.04552419111132622,
          -0.13690218329429626,
          0.9895379543304443,
          0.5529066920280457
        ],
        [
          0.0,
          0.0,
          0.0,
          1.0
        ]
      ]
    },
    {
      "img_id": 50,
      "aud_id": 50,
      "transform_matrix": [
        [
          0.9988218545913696,
          -0.008883125148713589,
          0.047706615179777145,
          0.041459906846284866
        ],
        [
          0.002088699257001281,
          0.9900611042976379,
          0.14062197506427765,
          0.035030994564294815
        ],
        [
          -0.04848163202404976,
          -0.14035667479038239,
          0.9889132976531982,
          0.5534874200820923
        ],
        [
          0.0,
          0.0,
          0.0,
          1.0
        ]
      ]
    },
    {
      "img_id": 51,
      "aud_id": 51,
      "transform_matrix": [
        [
          0.998701810836792,
          -0.00936040747910738,
          0.05007057264447212,
          0.04285764694213867
        ],
        [
          0.0024284471292048693,
          0.9906025528907776,
          0.1367499828338623,
          0.03280292823910713
        ],
        [
          -0.050880078226327896,
          -0.136450856924057,
          0.9893394112586975,
          0.5539319515228271
        ],
        [
          0.0,
          0.0,
          0.0,
          1.0
        ]
      ]
    },
    {
      "img_id": 52,
      "aud_id": 52,
      "transform_matrix": [
        [
          0.9987431168556213,
          -0.008370640687644482,
          0.049417153000831604,
          0.04264598339796066
        ],
        [
          0.0016749347560107708,
          0.9909787774085999,
          0.13400807976722717,
          0.031454987823963165
        ],
        [
          -0.05009308457374573,
          -0.13375689089298248,
          0.9897473454475403,
          0.5545337200164795
        ],
        [
          0.0,
          0.0,
          0.0,
          1.0
        ]
      ]
    },
    {
      "img_id": 53,
      "aud_id": 53,
      "transform_matrix": [
        [
          0.9986652731895447,
          -0.01293560303747654,
          0.0500030517578125,
          0.0432983934879303
        ],
        [
          0.005931030493229628,
          0.9904465079307556,
          0.13776974380016327,
          0.033296454697847366
        ],
        [
          -0.05130748450756073,
          -0.13728930056095123,
          0.9892013072967529,
          0.5549184679985046
        ],
        [
          0.0,
          0.0,
          0.0,
          1.0
        ]
      ]
    },
    {
      "img_id": 54,
      "aud_id": 54,
      "transform_matrix": [
        [
          0.9987621903419495,
          -0.013479532673954964,
          0.0478777140378952,
          0.04241015762090683
        ],
        [
          0.006488122511655092,
          0.9896605014801025,
          0.14328314363956451,
          0.03596904128789902
        ],
        [
          -0.049314070492982864,
          -0.1427951455116272,
          0.9885229468345642,
          0.5552880167961121
        ],
        [
          0.0,
          0.0,
          0.0,
          1.0
        ]
      ]
    },
    {
      "img_id": 55,
      "aud_id": 55,
      "transform_matrix": [
        [
          0.9988725781440735,
          -0.011382970958948135,
          0.046087268739938736,
          0.041343409568071365
        ],
        [
          0.004489878658205271,
          0.9891277551651001,
          0.1469906121492386,
          0.037642158567905426
        ],
        [
          -0.0472593829035759,
          -0.14661796391010284,
          0.988063633441925,
          0.5555245280265808
        ],
        [
          0.0,
          0.0,
          0.0,
          1.0
        ]
      ]
    },
    {
      "img_id": 56,
      "aud_id": 56,
      "transform_matrix": [
        [
          0.9988344311714172,
          -0.011678317561745644,
          0.04683398827910423,
          0.042449209839105606
        ],
        [
          0.004793847445398569,
          0.9894936680793762,
          0.1444968283176422,
          0.03620046004652977
        ],
        [
          -0.04802941158413887,
          -0.14410388469696045,
          0.9883963465690613,
          0.5555350184440613
        ],
        [
          0.0,
          0.0,
          0.0,
          1.0
        ]
      ]
    },
    {
      "img_id": 57,
      "aud_id": 57,
      "transform_matrix": [
        [
          0.9989013075828552,
          -0.007679087109863758,
          0.04623008891940117,
          0.04218796640634537
        ],
        [
          0.0013490647543221712,
          0.9907865524291992,
          0.13542595505714417,
          0.031130287796258926
        ],
        [
          -0.04684409499168396,
          -0.13521479070186615,
          0.9897083640098572,
          0.5550438165664673
        ],
        [
          0.0,
          0.0,
          0.0,
          1.0
        ]
      ]
    },
    {
      "img_id": 58,
      "aud_id": 58,
      "transform_matrix": [
        [
          0.9989112615585327,
          -0.004759430885314941,
          0.04640688747167587,
          0.042259618639945984
        ],
        [
          -0.001846968661993742,
          0.9899670481681824,
          0.14128588140010834,
          0.0343208946287632
        ],
        [
          -0.04661373421549797,
          -0.14121776819229126,
          0.9888805150985718,
          0.5546205043792725
        ],
        [
          0.0,
          0.0,
          0.0,
          1.0
        ]
      ]
    },
    {
      "img_id": 59,
      "aud_id": 59,
      "transform_matrix": [
        [
          0.9988440871238708,
          -0.006311357021331787,
          0.04765160009264946,
          0.04296907037496567
        ],
        [
          -0.00019730202620849013,
          0.9907958507537842,
          0.1353646069765091,
          0.03122555837035179
        ],
        [
          -0.04806734248995781,
          -0.13521753251552582,
          0.9896492958068848,
          0.5535178184509277
        ],
        [
          0.0,
          0.0,
          0.0,
          1.0
        ]
      ]
    },
    {
      "img_id": 60,
      "aud_id": 60,
      "transform_matrix": [
        [
          0.9988314509391785,
          -0.0070649697445333,
          0.047811076045036316,
          0.0429263561964035
        ],
        [
          0.0002490251499693841,
          0.9899970293045044,
          0.14108791947364807,
          0.03461494296789169
        ],
        [
          -0.04832960665225983,
          -0.14091113209724426,
          0.9888418912887573,
          0.5524622201919556
        ],
        [
          0.0,
          0.0,
          0.0,
          1.0
        ]
      ]
    },
    {
      "img_id": 61,
      "aud_id": 61,
      "transform_matrix": [
        [
          0.9988267421722412,
          -0.0050700511783361435,
          0.04816070571541786,
          0.042686641216278076
        ],
        [
          -0.002223628107458353,
          0.9886537790298462,
          0.15019598603248596,
          0.03961104899644852
        ],
        [
          -0.04837576299905777,
          -0.1501268446445465,
          0.987482488155365,
          0.5511766076087952
        ],
        [
          0.0,
          0.0,
          0.0,
          1.0
        ]
      ]
    },
    {
      "img_id": 62,
      "aud_id": 62,
      "transform_matrix": [
        [
          0.998815655708313,
          -0.006578594446182251,
          0.048208799213171005,
          0.04256492853164673
        ],
        [
          -0.0009942601900547743,
          0.9878507852554321,
          0.15540218353271484,
          0.042650144547224045
        ],
        [
          -0.04864542558789253,
          -0.15526606142520905,
          0.9866742491722107,
          0.5496600270271301
        ],
        [
          0.0,
          0.0,
          0.0,
          1.0
        ]
      ]
    },
    {
      "img_id": 63,
      "aud_id": 63,
      "transform_matrix": [
        [
          0.9987549781799316,
          -0.011500945314764977,
          0.04854179173707962,
          0.04281691461801529
        ],
        [
          0.0033858877141028643,
          0.9864458441734314,
          0.16405221819877625,
          0.0473170205950737
        ],
        [
          -0.049770601093769073,
          -0.16368360817432404,
          0.9852566123008728,
          0.5480459332466125
        ],
        [
          0.0,
          0.0,
          0.0,
          1.0
        ]
      ]
    },
    {
      "img_id": 64,
      "aud_id": 64,
      "transform_matrix": [
        [
          0.9989323616027832,
          -0.01290226075798273,
          0.04435868561267853,
          0.040454376488924026
        ],
        [
          0.005336664617061615,
          0.986007809638977,
          0.16661366820335388,
          0.048641566187143326
        ],
        [
          -0.04588770121335983,
          -0.16619905829429626,
          0.9850239157676697,
          0.5480428338050842
        ],
        [
          0.0,
          0.0,
          0.0,
          1.0
        ]
      ]
    },
    {
      "img_id": 65,
      "aud_id": 65,
      "transform_matrix": [
        [
          0.9991026520729065,
          -0.01420663669705391,
          0.039900168776512146,
          0.038158152252435684
        ],
        [
          0.0074349623173475266,
          0.9862667918205261,
          0.16499283909797668,
          0.0474848635494709
        ],
        [
          -0.041696202009916306,
          -0.1645481288433075,
          0.9854873418807983,
          0.5491790175437927
        ],
        [
          0.0,
          0.0,
          0.0,
          1.0
        ]
      ]
    },
    {
      "img_id": 66,
      "aud_id": 66,
      "transform_matrix": [
        [
          0.9992339015007019,
          -0.019362952560186386,
          0.03400992974638939,
          0.035467419773340225
        ],
        [
