{
  "focal_len": 1200.0,
  "cx": 256.0,
  "cy": 256.0,
  "frames": [
    {
      "img_id": 0,
      "aud_id": 0,
      "transform_matrix": [
        [
          0.9999672174453735,
          -0.004029338248074055,
          0.007023267447948456,
          0.014669468626379967
        ],
        [
          0.0026932309847325087,
          0.9835169315338135,
          0.18079613149166107,
          0.11581763625144958
        ],
        [
          -0.0076359910890460014,
          -0.18077129125595093,
          0.9834955334663391,
          0.8271296620368958
        ],
        [
          0.0,
          0.0,
          0.0,
          1.0
        ]
      ]
    },
    {
      "img_id": 1,
      "aud_id": 1,
      "transform_matrix": [
        [
          0.999960720539093,
          -0.007360351737588644,
          0.004942682106047869,
          0.013132957741618156
        ],
        [
          0.006346676032990217,
          0.9835333228111267,
          0.18061545491218567,
          0.11559905111789703
        ],
        [
          -0.006190686021000147,
          -0.18057699501514435,
          0.9835413694381714,
          0.827476441860199
        ],
        [
          0.0,
          0.0,
          0.0,
          1.0
        ]
      ]
    },
    {
      "img_id": 2,
      "aud_id": 2,
      "transform_matrix": [
        [
          0.9999662041664124,
          -0.007457468193024397,
          0.0034661595709621906,
          0.011828511953353882
        ],
        [
          0.006699386518448591,
          0.983170747756958,
          0.182566300034523,
          0.11736404895782471
        ],
        [
          -0.0047693089582026005,
          -0.18253691494464874,
          0.9831874370574951,
          0.8275228142738342
        ],
        [
          0.0,
          0.0,
          0.0,
          1.0
        ]
      ]
    },
    {
      "img_id": 3,
      "aud_id": 3,
      "transform_matrix": [
        [
          0.9999743103981018,
          -0.006660062354058027,
          0.0026371395215392113,
          0.01100949477404356
        ],
        [
          0.006065831985324621,
          0.9831327795982361,
          0.18279236555099487,
          0.11756664514541626
        ],
        [
          -0.0038100669626146555,
          -0.1827716827392578,
          0.9831479787826538,
          0.827724814414978
        ],
        [
          0.0,
          0.0,
          0.0,
          1.0
        ]
      ]
    },
    {
      "img_id": 4,
      "aud_id": 4,
      "transform_matrix": [
        [
          0.9999836087226868,
          -0.005678633227944374,
          0.0007506607798859477,
          0.009339136071503162
        ],
        [
          0.00544338021427393,
          0.9828926920890808,
          0.18409880995750427,
          0.1190105751156807
        ],
        [
          -0.0017832483863458037,
          -0.1840917021036148,
          0.9829074144363403,
          0.8277401924133301
        ],
        [
          0.0,
          0.0,
          0.0,
          1.0
        ]
      ]
    },
    {
      "img_id": 5,
      "aud_id": 5,
      "transform_matrix": [
        [
          0.9999722242355347,
          -0.007144248578697443,
          -0.0021244112867861986,
          0.0070494539104402065
        ],
        [
          0.0074128140695393085,
          0.9829820990562439,
          0.18355199694633484,
          0.11864788830280304
        ],
        [
          0.0007769170915707946,
          -0.18356263637542725,
          0.9830077290534973,
          0.8275610208511353
        ],
        [
          0.0,
          0.0,
          0.0,
          1.0
        ]
      ]
    },
    {
      "img_id": 6,
      "aud_id": 6,
      "transform_matrix": [
        [
          0.9999829530715942,
          -0.004968368913978338,
          -0.003078771522268653,
          0.0060081081464886665
        ],
        [
          0.005437381565570831,
          0.9839892983436584,
          0.17814454436302185,
          0.11432068049907684
        ],
        [
          0.002144390484318137,
          -0.1781582534313202,
          0.9839995503425598,
          0.8274728655815125
        ],
        [
          0.0,
          0.0,
          0.0,
          1.0
        ]
      ]
    },
    {
      "img_id": 7,
      "aud_id": 7,
      "transform_matrix": [
        [
          0.9999786019325256,
          -0.004210238344967365,
          -0.005001211538910866,
          0.004346650093793869
        ],
        [
          0.005036413203924894,
          0.9838832020759583,
          0.17874114215373993,
          0.11484454572200775
        ],
        [
          0.00416806573048234,
          -0.1787625104188919,
          0.9838833808898926,
          0.8269438147544861
        ],
        [
          0.0,
          0.0,
          0.0,
          1.0
        ]
      ]
    },
    {
      "img_id": 8,
      "aud_id": 8,
      "transform_matrix": [
        [
          0.9999801516532898,
          -0.00235268147662282,
          -0.005839852150529623,
          0.00347475940361619
        ],
        [
          0.0033807791769504547,
          0.9831387400627136,
          0.18282990157604218,
          0.11857625097036362
        ],
        [
          0.005311244633048773,
          -0.18284602463245392,
          0.9831271767616272,
          0.8258863687515259
        ],
        [
          0.0,
          0.0,
          0.0,
          1.0
        ]
      ]
    },
    {
      "img_id": 9,
      "aud_id": 9,
      "transform_matrix": [
        [
          0.9999715685844421,
          -0.0013809632509946823,
          -0.007415034808218479,
          0.002143607009202242
        ],
        [
          0.002792136278003454,
          0.981030285358429,
          0.1938345581293106,
          0.12835469841957092
        ],
        [
          0.007006695028394461,
          -0.19384974241256714,
          0.9810062050819397,
          0.8239292502403259
        ],
        [
          0.0,
          0.0,
          0.0,
          1.0
        ]
      ]
    },
    {
      "img_id": 10,
      "aud_id": 10,
      "transform_matrix": [
        [
          0.9999489188194275,
          -0.0018616190645843744,
          -0.009936126880347729,
          0.00021198950707912445
        ],
        [
          0.00392248947173357,
          0.9773404598236084,
          0.21163715422153473,
          0.14371167123317719
        ],
        [
          0.009316991083323956,
          -0.2116653174161911,
          0.9772977828979492,
          0.8213890790939331
        ],
        [
          0.0,
          0.0,
          0.0,
          1.0
        ]
      ]
    },
    {
      "img_id": 11,
      "aud_id": 11,
      "transform_matrix": [
        [
          0.9999050498008728,
          -0.0004268558695912361,
          -0.01377492118626833,
          -0.00322046410292387
        ],
        [
          0.003424607450142503,
          0.9758649468421936,
          0.2183481603860855,
          0.15011096000671387
        ],
        [
          0.01334925927221775,
          -0.2183745950460434,
          0.9757736921310425,
          0.8196190595626831
        ],
        [
          0.0,
          0.0,
          0.0,
          1.0
        ]
      ]
    },
    {
      "img_id": 12,
      "aud_id": 12,
      "transform_matrix": [
        [
          0.9998120069503784,
          -0.0006295363418757915,
          -0.019379019737243652,
          -0.007965832948684692
        ],
        [
          0.004946108907461166,
          0.9746870398521423,
          0.223518967628479,
          0.1549914926290512
        ],
        [
          0.018747765570878983,
          -0.22357277572155,
          0.9745069146156311,
          0.8180731534957886
        ],
        [
          0.0,
          0.0,
          0.0,
          1.0
        ]
      ]
    },
    {
      "img_id": 13,
      "aud_id": 13,
      "transform_matrix": [
        [
          0.9997866153717041,
          -0.00026863254606723785,
          -0.020654864609241486,
          -0.009132740087807178
        ],
        [
          0.004821264650672674,
          0.9753331542015076,
          0.22068552672863007,
          0.152853861451149
        ],
        [
          0.02008608914911747,
          -0.220738023519516,
          0.975126326084137,
          0.8177083134651184
        ],
        [
          0.0,
          0.0,
          0.0,
          1.0
        ]
      ]
    },
    {
      "img_id": 14,
      "aud_id": 14,
      "transform_matrix": [
        [
          0.9996965527534485,
          9.50843095779419e-05,
          -0.02463230863213539,
          -0.012458167970180511
        ],
        [
          0.005366874393075705,
          0.9751279950141907,
          0.2215774953365326,
          0.15336726605892181
        ],
        [
          0.024040721356868744,
          -0.22164247930049896,
          0.9748316407203674,
          0.8174709677696228
        ],
        [
          0.0,
          0.0,
          0.0,
          1.0
        ]
      ]
    },
    {
      "img_id": 15,
      "aud_id": 15,
      "transform_matrix": [
        [
          0.9996649622917175,
          -0.0025781304575502872,
          -0.025754014030098915,
          -0.01306504663079977
        ],
        [
          0.008179837837815285,
          0.975498378276825,
          0.2198544591665268,
          0.15176589787006378
        ],
        [
          0.02455618791282177,
          -0.21999147534370422,
          0.975192666053772,
          0.8175519704818726
        ],
        [
          0.0,
          0.0,
          0.0,
          1.0
        ]
      ]
    },
    {
      "img_id": 16,
      "aud_id": 16,
      "transform_matrix": [
        [
          0.999668300151825,
          -0.0023956703953444958,
          -0.025643639266490936,
          -0.013122825883328915
        ],
        [
          0.007909177802503109,
          0.9761096835136414,
          0.21713444590568542,
          0.14929987490177155
        ],
        [
          0.0245108213275671,
          -0.21726524829864502,
          0.9758048057556152,
          0.8177562355995178
        ],
        [
          0.0,
          0.0,
          0.0,
          1.0
        ]
      ]
    },
    {
      "img_id": 17,
      "aud_id": 17,
      "transform_matrix": [
        [
          0.9997314810752869,
          -0.0033576199784874916,
          -0.022928187623620033,
          -0.010889461264014244
        ],
        [
          0.008045269176363945,
          0.978191614151001,
          0.20754863321781158,
          0.14117276668548584
        ],
        [
          0.021731290966272354,
          -0.20767736434936523,
          0.9779559373855591,
          0.8187102675437927
        ],
        [
          0.0,
          0.0,
          0.0,
          1.0
        ]
      ]
    },
    {
      "img_id": 18,
      "aud_id": 18,
      "transform_matrix": [
        [
          0.9997369050979614,
          -0.003165610134601593,
          -0.022717310115695,
          -0.010866702534258366
        ],
        [
          0.007655767723917961,
          0.9796851277351379,
          0.20039576292037964,
          0.135121688246727
        ],
        [
          0.02162143401801586,
          -0.2005169689655304,
          0.9794516563415527,
          0.8196077942848206
        ],
        [
          0.0,
          0.0,
          0.0,
          1.0
        ]
      ]
    },
    {
      "img_id": 19,
      "aud_id": 19,
      "transform_matrix": [
        [
          0.9997597336769104,
          -0.0050550466403365135,
          -0.021328624337911606,
          -0.009559422731399536
        ],
        [
          0.009153876453638077,
          0.9804183840751648,
          0.196712926030159,
          0.13199473917484283
        ],
        [
          0.019916582852602005,
          -0.1968609094619751,
          0.9802290797233582,
          0.820389449596405
        ],
        [
          0.0,
          0.0,
          0.0,
          1.0
        ]
      ]
    },
    {
      "img_id": 20,
      "aud_id": 20,
      "transform_matrix": [
        [
          0.9997517466545105,
          -0.006769037339836359,
          -0.02122635953128338,
          -0.009266800247132778
        ],
        [
          0.010870632715523243,
          0.9798301458358765,
          0.19953620433807373,
          0.13412976264953613
        ],
        [
          0.019447559490799904,
          -0.1997174322605133,
          0.9796605110168457,
          0.8203810453414917
        ],
        [
          0.0,
          0.0,
          0.0,
          1.0
        ]
      ]
    },
    {
      "img_id": 21,
      "aud_id": 21,
      "transform_matrix": [
        [
          0.9997572898864746,
          -0.004271896090358496,
          -0.02161417156457901,
          -0.009849361144006252
        ],
        [
          0.008603433147072792,
          0.9788308143615723,
          0.20448997616767883,
          0.1381799578666687
        ],
        [
          0.020283058285713196,
          -0.20462629199028015,
          0.978630006313324,
          0.820184051990509
        ],
        [
          0.0,
          0.0,
          0.0,
          1.0
        ]
      ]
    },
    {
      "img_id": 22,
      "aud_id": 22,
      "transform_matrix": [
        [
          0.999751627445221,
          -0.0036626653745770454,
          -0.02198200486600399,
          -0.010243719443678856
        ],
        [
          0.008110210299491882,
          0.9785588979721069,
          0.20580756664276123,
          0.13934412598609924
        ],
        [
          0.020756883546710014,
          -0.20593473315238953,
          0.9783455729484558,
          0.8201253414154053
        ],
        [
          0.0,
          0.0,
          0.0,
          1.0
        ]
      ]
    },
    {
      "img_id": 23,
      "aud_id": 23,
      "transform_matrix": [
        [
          0.9997373819351196,
          -0.003671579994261265,
          -0.022619321942329407,
          -0.010795378126204014
        ],
        [
          0.008168427273631096,
          0.9793381690979004,
          0.20206458866596222,
          0.13608461618423462
        ],
        [
          0.02141006849706173,
          -0.20219630002975464,
          0.9791108965873718,
          0.8203964233398438
        ],
        [
          0.0,
          0.0,
          0.0,
          1.0
        ]
      ]
    },
    {
      "img_id": 24,
      "aud_id": 24,
      "transform_matrix": [
        [
          0.9996893405914307,
          -0.00634233932942152,
          -0.024103226140141487,
          -0.011749756522476673
        ],
        [
          0.010935851372778416,
          0.9806365370750427,
          0.19553084671497345,
          0.13052460551261902
        ],
        [
          0.022396383807063103,
          -0.1957336962223053,
          0.9804012775421143,
          0.8204374313354492
        ],
        [
          0.0,
          0.0,
          0.0,
          1.0
        ]
      ]
    },
    {
      "img_id": 25,
      "aud_id": 25,
      "transform_matrix": [
        [
          0.9997287392616272,
          -0.005291346460580826,
          -0.02268255315721035,
          -0.010859576985239983
        ],
        [
          0.009535553865134716,
          0.9814815521240234,
          0.19131919741630554,
          0.12689942121505737
        ],
        [
          0.021250169724225998,
          -0.19148360192775726,
          0.9812657833099365,
          0.8207058310508728
        ],
        [
          0.0,
          0.0,
          0.0,
          1.0
        ]
      ]
    },
    {
      "img_id": 26,
      "aud_id": 26,
      "transform_matrix": [
        [
          0.99979168176651,
          -0.004199027083814144,
          -0.019973650574684143,
          -0.008892429992556572
        ],
        [
          0.007967621088027954,
          0.9812576770782471,
          0.19253535568714142,
          0.1274397224187851
        ],
        [
          0.0187908373773098,
          -0.19265440106391907,
          0.981086790561676,
          0.8206595778465271
        ],
        [
          0.0,
          0.0,
          0.0,
          1.0
        ]
      ]
    },
    {
      "img_id": 27,
      "aud_id": 27,
      "transform_matrix": [
        [
          0.999859631061554,
          -0.00407001469284296,
          -0.0162524227052927,
          -0.006051025353372097
        ],
        [
          0.007085955236107111,
          0.9817431569099426,
          0.190079465508461,
          0.12501029670238495
        ],
        [
          0.015182077884674072,
          -0.19016794860363007,
          0.9816341400146484,
          0.8208514451980591
        ],
        [
          0.0,
          0.0,
          0.0,
          1.0
        ]
      ]
    },
    {
      "img_id": 28,
      "aud_id": 28,
      "transform_matrix": [
        [
          0.9999118447303772,
          -0.0027432115748524666,
          -0.012991399504244328,
          -0.0036236983723938465
        ],
        [
          0.005129032302647829,
          0.9822792410850525,
          0.18735317885875702,
          0.1225205659866333
        ],
        [
          0.012247232720255852,
          -0.18740330636501312,
          0.9822067022323608,
          0.8216623067855835
        ],
        [
          0.0,
          0.0,
          0.0,
          1.0
        ]
      ]
    },
    {
      "img_id": 29,
      "aud_id": 29,
      "transform_matrix": [
        [
          0.9998998045921326,
          -0.007972179912030697,
          -0.011696713045239449,
          -0.0018593687564134598
        ],
        [
          0.009952166117727757,
          0.9835411906242371,
          0.18040986359119415,
          0.11654914915561676
        ],
        [
          0.010065938346087933,
          -0.18050819635391235,
          0.9835219979286194,
          0.8226109147071838
        ],
        [
          0.0,
          0.0,
          0.0,
          1.0
        ]
      ]
    },
    {
      "img_id": 30,
      "aud_id": 30,
      "transform_matrix": [
        [
          0.9999105334281921,
          -0.009582947939634323,
          -0.00933514628559351,
          0.0002841218374669552
        ],
        [
          0.011074734851717949,
          0.9843748211860657,
          0.1757369488477707,
          0.11228390038013458
        ],
        [
          0.007505205925554037,
          -0.1758246123790741,
          0.9843928813934326,
          0.8234491944313049
        ],
        [
          0.0,
          0.0,
          0.0,
          1.0
        ]
      ]
    },
    {
      "img_id": 31,
      "aud_id": 31,
      "transform_matrix": [
        [
          0.9999227523803711,
          -0.009798932820558548,
          -0.007651513908058405,
          0.0015789251774549484
        ],
        [
          0.01096311118453741,
          0.9852144718170166,
          0.17097428441047668,
          0.10781952738761902
        ],
        [
          0.0058630164712667465,
          -0.1710449606180191,
          0.9852457642555237,
          0.8246223330497742
        ],
        [
          0.0,
          0.0,
          0.0,
          1.0
        ]
      ]
    },
    {
      "img_id": 32,
      "aud_id": 32,
      "transform_matrix": [
        [
          0.9998974204063416,
          -0.008781874552369118,
          -0.011314953677356243,
          -0.0014883102849125862
        ],
        [
          0.010670280084013939,
          0.9837110042572021,
          0.17944028973579407,
          0.11443202197551727
        ],
        [
          0.00955482292920351,
          -0.17954261600971222,
          0.9837037324905396,
          0.8253527283668518
        ],
        [
          0.0,
          0.0,
          0.0,
          1.0
        ]
      ]
    },
    {
      "img_id": 33,
      "aud_id": 33,
      "transform_matrix": [
        [
          0.9998868107795715,
          -0.007971866987645626,
          -0.012759584933519363,
          -0.002534222789108753
        ],
        [
          0.010153066366910934,
          0.9833873510360718,
          0.18123504519462585,
          0.11602628231048584
        ],
        [
          0.011102833785116673,
          -0.18134407699108124,
          0.9833570122718811,
          0.8266757726669312
        ],
        [
          0.0,
          0.0,
          0.0,
          1.0
        ]
      ]
    },
    {
      "img_id": 34,
      "aud_id": 34,
      "transform_matrix": [
        [
          0.9998657703399658,
          -0.009678874164819717,
          -0.013219797983765602,
          -0.002548051066696644
        ],
        [
          0.011917916126549244,
          0.9833266735076904,
          0.18145668506622314,
          0.11645959317684174
        ],
        [
          0.011243084445595741,
          -0.18158988654613495,
          0.9833101034164429,
          0.8279727697372437
        ],
        [
          0.0,
          0.0,
          0.0,
          1.0
        ]
      ]
    },
    {
      "img_id": 35,
      "aud_id": 35,
      "transform_matrix": [
        [
          0.9999001622200012,
          -0.006647994741797447,
          -0.012466400861740112,
          -0.0021690530702471733
        ],
        [
          0.008726186119019985,
          0.9845526814460754,
          0.17487123608589172,
          0.11097697913646698
        ],
        [
          0.011111284606158733,
          -0.17496256530284882,
          0.9845123887062073,
          0.8290261030197144
        ],
        [
          0.0,
          0.0,
          0.0,
          1.0
        ]
      ]
    },
    {
      "img_id": 36,
      "aud_id": 36,
      "transform_matrix": [
        [
          0.9998968839645386,
          -0.007026467472314835,
          -0.012524077668786049,
          -0.0022410843521356583
        ],
        [
          0.00906284898519516,
          0.9852659106254578,
          0.17078912258148193,
          0.10762275755405426
        ],
        [
          0.011139501817524433,
          -0.17088501155376434,
          0.9852280020713806,
          0.8296518325805664
        ],
        [
          0.0,
          0.0,
          0.0,
          1.0
        ]
      ]
    },
    {
      "img_id": 37,
      "aud_id": 37,
      "transform_matrix": [
        [
          0.9999087452888489,
          -0.008436079137027264,
          -0.010554824955761433,
          -0.00047461502254009247
        ],
        [
          0.01005678903311491,
          0.9863462448120117,
          0.1643775999546051,
          0.10216493904590607
        ],
        [
          0.009024009108543396,
          -0.16446875035762787,
          0.9863409996032715,
          0.830170214176178
        ],
        [
          0.0,
          0.0,
          0.0,
          1.0
        ]
      ]
    },
    {
      "img_id": 38,
      "aud_id": 38,
      "transform_matrix": [
        [
          0.9998952150344849,
          -0.010214301757514477,
          -0.010263053700327873,
          4.960969090461731e-05
        ],
        [
          0.011730573140084743,
          0.9869481921195984,
          0.16061078011989594,
          0.0987052172422409
        ],
        [
          0.00848857406526804,
          -0.16071434319019318,
          0.9869645237922668,
          0.8302212357521057
        ],
        [
          0.0,
          0.0,
          0.0,
          1.0
        ]
      ]
    },
    {
      "img_id": 39,
      "aud_id": 39,
      "transform_matrix": [
        [
          0.9999064207077026,
          -0.006668011657893658,
          -0.011945773847401142,
          -0.0015270188450813293
        ],
        [
          0.008537487126886845,
          0.9864218831062317,
          0.16400915384292603,
          0.10113947093486786
        ],
        [
          0.01068995799869299,
          -0.16409577429294586,
          0.9863864779472351,
          0.8300521373748779
        ],
        [
          0.0,
          0.0,
          0.0,
          1.0
        ]
      ]
    },
    {
      "img_id": 40,
      "aud_id": 40,
      "transform_matrix": [
        [
          0.999921441078186,
          -0.0038321176543831825,
          -0.01193486712872982,
          -0.001687176525592804
        ],
        [
          0.005725759547203779,
          0.9866223335266113,
          0.16292239725589752,
          0.10008057951927185
        ],
        [
          0.01115086767822504,
          -0.162977933883667,
          0.9865667223930359,
          0.8303639888763428
        ],
        [
          0.0,
          0.0,
          0.0,
          1.0
        ]
      ]
    },
    {
      "img_id": 41,
      "aud_id": 41,
      "transform_matrix": [
        [
          0.9999328255653381,
          -0.0008914381032809615,
          -0.011556999757885933,
          -0.0015847664326429367
        ],
        [
          0.002726614475250244,
          0.9871507287025452,
          0.15976877510547638,
          0.09727904200553894
        ],
        [
          0.011266076005995274,
          -0.1597895473241806,
          0.987086832523346,
          0.8309744000434875
        ],
        [
          0.0,
          0.0,
          0.0,
          1.0
        ]
      ]
    },
    {
      "img_id": 42,
      "aud_id": 42,
      "transform_matrix": [
        [
          0.9999184608459473,
          -0.003212651703506708,
          -0.012359741143882275,
          -0.0017367014661431313
        ],
        [
          0.005194601137191057,
          0.986473798751831,
          0.16383683681488037,
          0.10099595785140991
        ],
        [
          0.011666210368275642,
          -0.16388766467571259,
          0.9864099621772766,
          0.8307944536209106
        ],
        [
          0.0,
          0.0,
          0.0,
          1.0
        ]
      ]
    },
    {
      "img_id": 43,
      "aud_id": 43,
      "transform_matrix": [
        [
          0.9999296069145203,
          -0.0021217840258032084,
          -0.011676430702209473,
          -0.0010640639811754227
        ],
        [
          0.004091265145689249,
          0.98520427942276,
          0.17133544385433197,
          0.10768848657608032
        ],
        [
          0.011140132322907448,
          -0.17137114703655243,
          0.9851435422897339,
          0.8304590582847595
        ],
        [
          0.0,
          0.0,
          0.0,
          1.0
        ]
      ]
    },
    {
      "img_id": 44,
      "aud_id": 44,
      "transform_matrix": [
        [
          0.9999524354934692,
          -0.00017182622104883194,
          -0.009752712212502956,
          0.0005084825679659843
        ],
        [
          0.0018872710643336177,
          0.984359622001648,
          0.17616049945354462,
          0.11177058517932892
        ],
        [
          0.009569906629621983,
          -0.17617052793502808,
          0.9843131899833679,
          0.8304585814476013
        ],
        [
          0.0,
          0.0,
          0.0,
          1.0
        ]
      ]
    },
    {
      "img_id": 45,
      "aud_id": 45,
      "transform_matrix": [
        [
          0.999984860420227,
          -0.0017097825184464455,
          -0.005227940622717142,
          0.004454807378351688
        ],
        [
          0.0026320023462176323,
          0.9833230376243591,
          0.1818486899137497,
          0.11695694923400879
        ],
        [
          0.004829832352697849,
          -0.18185968697071075,
          0.9833126068115234,
          0.8303552269935608
        ],
        [
          0.0,
          0.0,
          0.0,
          1.0
        ]
      ]
    },
    {
      "img_id": 46,
      "aud_id": 46,
      "transform_matrix": [
        [
          0.9999886751174927,
          -0.0023340056650340557,
          -0.004149232059717178,
          0.005492669064551592
        ],
        [
          0.003046064404770732,
          0.9834994077682495,
          0.1808856725692749,
          0.11656235158443451
        ],
        [
          0.0036585789639502764,
          -0.18089626729488373,
          0.9834954142570496,
          0.8302807807922363
        ],
        [
          0.0,
          0.0,
          0.0,
          1.0
        ]
      ]
    },
    {
      "img_id": 47,
      "aud_id": 47,
      "transform_matrix": [
        [
          0.9999879598617554,
          -0.0014343371149152517,
          -0.00469087902456522,
          0.004939120262861252
        ],
        [
          0.002280492102727294,
          0.9826045632362366,
          0.18569615483283997,
          0.12100930511951447
        ],
        [
          0.004342928063124418,
          -0.18570463359355927,
          0.9825960397720337,
          0.829592227935791
        ],
        [
          0.0,
          0.0,
          0.0,
          1.0
        ]
      ]
    },
    {
      "img_id": 48,
      "aud_id": 48,
      "transform_matrix": [
        [
          0.9999735951423645,
          0.002020459622144699,
          -0.0069837854243814945,
          0.002411383669823408
        ],
        [
          -0.000624233391135931,
          0.9809208512306213,
          0.1944066286087036,
          0.12853209674358368
        ],
        [
          0.007243331056088209,
          -0.19439712166786194,
          0.9808961749076843,
          0.8285959959030151
        ],
        [
          0.0,
          0.0,
          0.0,
          1.0
        ]
      ]
    },
    {
      "img_id": 49,
      "aud_id": 49,
      "transform_matrix": [
        [
          0.9999368190765381,
          0.0013943011872470379,
          -0.011154111474752426,
          -0.0011682603508234024
        ],
        [
          0.0008373477030545473,
          0.9802814722061157,
          0.1976044923067093,
          0.13177452981472015
        ],
        [
          0.011209688149392605,
          -0.19760136306285858,
          0.9802184104919434,
          0.8279879689216614
        ],
        [
          0.0,
          0.0,
          0.0,
          1.0
        ]
      ]
    },
    {
      "img_id": 50,
      "aud_id": 50,
      "transform_matrix": [
        [
          0.9999145865440369,
          0.0006469655781984329,
          -0.013053515926003456,
          -0.002788347192108631
        ],
        [
          0.001956408377736807,
          0.9801111221313477,
          0.19844000041484833,
          0.13320212066173553
        ],
        [
          0.012922278605401516,
          -0.19844858348369598,
          0.980026125907898,
          0.8276121020317078
        ],
        [
          0.0,
          0.0,
          0.0,
          1.0
        ]
      ]
    },
    {
      "img_id": 51,
      "aud_id": 51,
      "transform_matrix": [
        [
          0.9998881220817566,
          0.002021817723289132,
          -0.014819836243987083,
          -0.004650133661925793
        ],
        [
          0.0010711376089602709,
          0.9785985350608826,
          0.2057759314775467,
          0.14015495777130127
        ],
        [
          0.014918711967766285,
          -0.20576879382133484,
          0.978486955165863,
          0.8263490796089172
        ],
        [
          0.0,
          0.0,
          0.0,
          1.0
        ]
      ]
    },
    {
      "img_id": 52,
      "aud_id": 52,
      "transform_matrix": [
        [
          0.9999116063117981,
          -0.00020480924285948277,
          -0.01329499389976263,
          -0.0033190175890922546
        ],
        [
          0.003114439081400633,
          0.9756737351417542,
          0.2192055881023407,
          0.15212811529636383
        ],
        [
          0.012926680967211723,
          -0.219227597117424,
          0.9755880832672119,
          0.8243939876556396
        ],
        [
          0.0,
          0.0,
          0.0,
          1.0
        ]
      ]
    },
    {
      "img_id": 53,
      "aud_id": 53,
      "transform_matrix": [
        [
          0.9999189376831055,
          -0.004763941280543804,
          -0.011812249198555946,
          -0.0017355028539896011
        ],
        [
          0.007327551953494549,
          0.9737335443496704,
          0.2275729775428772,
          0.1599119007587433
        ],
        [
          0.010417837649583817,
          -0.22764107584953308,
          0.9736894369125366,
          0.8230769634246826
        ],
        [
          0.0,
          0.0,
          0.0,
          1.0
        ]
      ]
    },
    {
      "img_id": 54,
      "aud_id": 54,
      "transform_matrix": [
        [
          0.9999405741691589,
          -0.005187998991459608,
          -0.00958847813308239,
          0.00021789781749248505
        ],
        [
          0.0072347489185631275,
          0.9737199544906616,
          0.22763365507125854,
          0.16065718233585358
        ],
        [
          0.008155529387295246,
          -0.22768950462341309,
          0.9736996293067932,
          0.822782576084137
        ],
        [
          0.0,
          0.0,
          0.0,
          1.0
        ]
      ]
    },
    {
      "img_id": 55,
      "aud_id": 55,
      "transform_matrix": [
        [
          0.9999349117279053,
          -0.0038666059263050556,
          -0.010737254284322262,
          -0.0008689062669873238
        ],
        [
          0.006210146937519312,
          0.9737136363983154,
          0.2276909351348877,
          0.16068072617053986
        ],
        [
          0.009574619121849537,
          -0.2277427762746811,
          0.9736742377281189,
          0.8224279284477234
        ],
        [
          0.0,
          0.0,
          0.0,
          1.0
        ]
      ]
    },
    {
      "img_id": 56,
      "aud_id": 56,
      "transform_matrix": [
        [
          0.9999411106109619,
          -0.003949742764234543,
          -0.010106392204761505,
          -0.00029664579778909683
        ],
        [
          0.006155593786388636,
          0.9735052585601807,
          0.22858163714408875,
          0.16112804412841797
        ],
        [
          0.008935787715017796,
          -0.22863039374351501,
          0.9734722971916199,
          0.8223236799240112
        ],
        [
          0.0,
          0.0,
          0.0,
          1.0
        ]
      ]
    },
    {
      "img_id": 57,
      "aud_id": 57,
      "transform_matrix": [
        [
          0.999934732913971,
          -0.005507007706910372,
          -0.01000975538045168,
          -0.0001562526449561119
        ],
        [
          0.007530519273132086,
          0.976588249206543,
          0.2149851769208908,
          0.14905759692192078
        ],
        [
          0.00859148520976305,
          -0.21504652500152588,
          0.9765660166740417,
          0.8240590691566467
        ],
        [
          0.0,
          0.0,
          0.0,
          1.0
        ]
      ]
    },
    {
      "img_id": 58,
      "aud_id": 58,
      "transform_matrix": [
        [
          0.9999238848686218,
          -0.005960809998214245,
          -0.010803084820508957,
          -0.0009169904515147209
        ],
        [
          0.008139945566654205,
          0.9766854643821716,
          0.21452116966247559,
          0.14832545816898346
        ],
        [
          0.009272495284676552,
          -0.21459276974201202,
          0.9766596555709839,
          0.8242837190628052
        ],
        [
          0.0,
          0.0,
          0.0,
          1.0
        ]
      ]
    },
    {
      "img_id": 59,
      "aud_id": 59,
      "transform_matrix": [
        [
          0.9999036192893982,
          -0.008070515468716621,
          -0.011298474855720997,
          -0.0013365475460886955
        ],
        [
          0.0103421900421381,
          0.9758431911468506,
          0.21822741627693176,
          0.15115304291248322
        ],
        [
          0.009264331310987473,
          -0.218323215842247,
          0.9758325219154358,
          0.8239458799362183
        ],
        [
          0.0,
          0.0,
          0.0,
          1.0
        ]
      ]
    },
    {
      "img_id": 60,
      "aud_id": 60,
      "transform_matrix": [
        [
          0.9998711943626404,
          -0.009464728645980358,
          -0.012962756678462029,
          -0.0026873983442783356
        ],
        [
          0.012078732252120972,
          0.9755657315254211,
          0.21937544643878937,
          0.15179161727428436
        ],
        [
          0.010569692589342594,
          -0.2195037603378296,
          0.9755544066429138,
          0.823192834854126
        ],
        [
          0.0,
          0.0,
          0.0,
          1.0
        ]
      ]
    },
    {
      "img_id": 61,
      "aud_id": 61,
      "transform_matrix": [
        [
          0.9998617172241211,
          -0.010052789002656937,
          -0.013248017057776451,
          -0.0029979581013321877
        ],
        [
          0.012757629156112671,
          0.9746773838996887,
          0.22325144708156586,
          0.15504010021686554
        ],
        [
          0.010668243281543255,
          -0.22338958084583282,
          0.9746708273887634,
          0.8227297067642212
        ],
        [
          0.0,
          0.0,
          0.0,
          1.0
        ]
      ]
    },
    {
      "img_id": 62,
      "aud_id": 62,
      "transform_matrix": [
        [
          0.999821126461029,
          -0.011412925086915493,
          -0.015082315541803837,
          -0.004356671124696732
        ],
        [
          0.014379340223968029,
          0.9766958951950073,
          0.21414552628993988,
          0.14720295369625092
        ],
        [
          0.012286809273064137,
          -0.21432411670684814,
          0.9766853451728821,
          0.8230592012405396
        ],
        [
          0.0,
          0.0,
          0.0,
          1.0
        ]
      ]
    },
    {
      "img_id": 63,
      "aud_id": 63,
      "transform_matrix": [
        [
          0.9998676180839539,
          -0.004786808043718338,
          -0.015549661591649055,
          -0.005363300442695618
        ],
        [
          0.007834911346435547,
          0.9792852401733398,
          0.20233392715454102,
          0.13712796568870544
        ],
        [
          0.014259020797908306,
          -0.20242896676063538,
          0.9791930913925171,
          0.8231840133666992
        ],
        [
          0.0,
          0.0,
          0.0,
          1.0
        ]
      ]
    },
    {
      "img_id": 64,
      "aud_id": 64,
      "transform_matrix": [
        [
          0.9998708963394165,
          -0.006579953245818615,
          -0.014658289030194283,
          -0.004334012977778912
        ],
        [
          0.009529036469757557,
          0.977384090423584,
          0.21125689148902893,
          0.14436817169189453
        ],
        [
          0.012936717830598354,
          -0.21136930584907532,
          0.977320671081543,
          0.8214645385742188
        ],
        [
          0.0,
          0.0,
          0.0,
          1.0
        ]
      ]
    },
    {
      "img_id": 65,
      "aud_id": 65,
      "transform_matrix": [
        [
          0.9999125599861145,
          -0.008245925419032574,
          -0.010339537635445595,
          -0.0006667105481028557
        ],
        [
          0.010276072658598423,
          0.9765720963478088,
          0.2149452120065689,
          0.14697016775608063
        ],
        [
          0.008324881084263325,
          -0.2150326669216156,
          0.9765714406967163,
          0.8208021521568298
        ],
        [
          0.0,
          0.0,
          0.0,
          1.0
        ]
      ]
    },
    {
      "img_id": 66,
      "aud_id": 66,
      "transform_matrix": [
        [
